LABEL,ID,TRACK_ID,QUALITY,POSITION_X,POSITION_Y,POSITION_Z,POSITION_T,FRAME,RADIUS,VISIBILITY,MANUAL_SPOT_COLOR,MEAN_INTENSITY_CH1,MEDIAN_INTENSITY_CH1,MIN_INTENSITY_CH1,MAX_INTENSITY_CH1,TOTAL_INTENSITY_CH1,STD_INTENSITY_CH1,CONTRAST_CH1,SNR_CH1,ELLIPSE_X0,ELLIPSE_Y0,ELLIPSE_MAJOR,ELLIPSE_MINOR,ELLIPSE_THETA,ELLIPSE_ASPECTRATIO,AREA,PERIMETER,CIRCULARITY,SOLIDITY,SHAPE_INDEX
Label,Spot ID,Track ID,Quality,X,Y,Z,T,Frame,Radius,Visibility,Manual spot color,Mean intensity ch1,Median intensity ch1,Min intensity ch1,Max intensity ch1,Sum intensity ch1,Std intensity ch1,Contrast ch1,Signal/Noise ratio ch1,Ellipse center x0,Ellipse center y0,Ellipse long axis,Ellipse short axis,Ellipse angle,Ellipse aspect ratio,Area,Perimeter,Circularity,Solidity,Shape index
Label,Spot ID,Track ID,Quality,X,Y,Z,T,Frame,R,Visibility,Spot color,Mean ch1,Median ch1,Min ch1,Max ch1,Sum ch1,Std ch1,Ctrst ch1,SNR ch1,El. x0,El. y0,El. long axis,El. sh. axis,El. angle,El. a.r.,Area,Perim.,Circ.,Solidity,Shape index
,,,(quality),(pixels),(pixels),(pixels),(frames),,(pixels),,,(counts),(counts),(counts),(counts),(counts),(counts),,,(pixels),(pixels),(pixels),(pixels),(radians),,(pixels^2),(pixels),,,
ID79937,79937,0,214.0,199.4715721025841,94.67205839972043,0.0,0.0,0,5.471254586880111,1,,2852.1495327102803,2961.0,559.0,4095.0,610360.0,1009.9659391248141,0.34545520967678917,1.4501671431777792,-0.11328500112925417,-0.007269420644903079,5.996952381437175,5.132628088613495,-1.0447969091028648,1.1683979976537058,94.04240349975349,49.05538200372382,0.49108906079308834,0.8879668049792532,5.058535497475198
ID79872,79872,0,218.0,198.23512656501785,94.70474060780545,0.0,5.0,5,5.522151074371726,1,,3269.4862385321103,3561.0,377.0,4095.0,712748.0,923.1212592377839,0.5539504474675772,2.52513445779782,0.034597906955456746,0.23278205973708968,6.444965696646611,5.04038564386591,-0.9628297864695388,1.2786651958843782,95.80020543432829,50.381192687164315,0.4742850282538358,0.8499025341130606,5.14736807052032
ID80384,80384,0,271.0,195.87470608795425,98.45786534057495,0.0,13.0,13,6.156936613290978,1,,3340.3763837638376,3901.0,800.0,4095.0,905242.0,959.5936979878418,0.42010910602743595,2.059578720431638,-0.15515176245689544,-0.037671114516981054,7.45231461252725,5.313092110638222,2.2907233299471703,1.4026323009920598,119.0910810674449,55.68449167058813,0.4826369666195294,0.8988391376451085,5.1026366095565425
ID80323,80323,0,227.0,198.15239312900036,94.89817721411771,0.0,2.0,2,5.634987612149043,1,,3200.863436123348,4010.0,457.0,4095.0,726596.0,1142.7018029526907,0.4224149175843419,1.6637082766019282,-0.11029925979973668,-0.5553624091354231,7.283969632778745,5.166251679626816,1.860635917678898,1.4099138184659448,99.75525978712169,51.707024464228056,0.46886366162659454,0.8501872659176025,5.177041478506603
ID79971,79971,0,201.0,194.61590156271248,98.91193800998211,0.0,16.0,16,5.30246811587209,1,,3396.412935323383,3883.0,860.0,4095.0,682679.0,933.6722945615587,0.5955406418249382,2.7155608793213086,0.05409770477439508,-0.28805958487677885,5.885939764299173,4.9479738953162276,2.6428773747837493,1.1895656462276059,88.32954721238525,43.7521111451309,0.5798529099446074,0.9414519906323178,4.655282186877746
ID80259,80259,0,216.0,194.95454937732842,99.17853070965492,0.0,17.0,17,5.496761739544541,1,,3407.6805555555557,3946.0,808.0,4095.0,736059.0,945.0851492543334,0.6087389381306861,2.7287480708592375,0.0816246126404103,-0.41007932541166126,6.5153830030878614,5.009794127951734,2.3361065266243504,1.3005290909532228,94.9213044670409,45.07792885977912,0.5870102088936031,0.9370932754880691,4.626814680292381
ID80166,80166,0,246.0,196.44572794340198,96.63378708797882,0.0,9.0,9,5.866074720311866,1,,3289.0975609756097,3906.0,672.0,4095.0,809118.0,1028.650341533448,0.5593200161131994,2.2938450853080785,0.11831012845390458,-0.5770918707598118,7.251498916319235,5.071447929389953,2.1021282799740204,1.4298675678587756,108.10481897635215,50.38120674957983,0.5352020725607022,0.9179104477611932,4.84558301929841
ID80393,80393,0,200.0,195.3205015594963,98.07736544110061,0.0,15.0,15,5.289261449995462,1,,3238.335,3592.0,447.0,4095.0,647667.0,940.2673856716443,0.5906484770600839,2.5577333814317265,-0.05002866439642222,-0.14399110967449116,5.955869876689473,4.935405192460438,3.071929860401006,1.2067641144820178,87.89009672874161,45.07793589098691,0.5435278016399815,0.9070294784580486,4.808327612080923
ID80328,80328,0,225.0,197.89849412088267,95.04934509392312,0.0,4.0,4,5.610108958140571,1,,2973.2844444444445,3101.0,629.0,4095.0,668989.0,965.8384398772102,0.43964913719286963,1.8802324002204702,-0.0500432346871656,0.03659439273385057,6.630928155715355,4.819150679100559,2.180315047522451,1.375953689199223,98.87635881983422,49.05537497251606,0.5163321044551834,0.8893280632411066,4.933332272693693
ID80298,80298,0,314.0,197.2185421319791,95.26886973123725,0.0,10.0,10,6.627425601065674,1,,3335.0923566878982,3821.0,619.0,4095.0,1047219.0,949.6142353165483,0.6095942843724679,2.660205025312936,0.06528492675969357,-0.12375906847489834,8.46759087505513,5.2189380843412,2.0407771420926872,1.6224739091006126,137.98745186412435,58.33612006867696,0.5095354177734628,0.9154518950437316,4.966126105142016
ID80302,80302,0,212.0,199.0112974652331,94.67401638303143,0.0,1.0,1,5.445627960813389,1,,3116.438679245283,3392.0,620.0,4095.0,660685.0,978.4963466908526,0.3301066349929022,1.5808736719165133,-0.13539837116109352,-0.09159060912585829,6.279365774105947,4.881886391769233,2.100919451533218,1.28625807120232,93.16350253246613,47.72955725786784,0.5139026533820503,0.9118279569892469,4.944979573707979
ID80241,80241,0,218.0,199.30551718552778,95.33724080195114,0.0,6.0,6,5.522151074371728,1,,3164.091743119266,3514.0,525.0,4095.0,689772.0,965.0770322520169,0.4366430006524248,1.9929422976128068,-0.16432218631859302,0.19427432058068878,6.768501937315802,4.613935933616287,2.166293905476442,1.4669692069197893,95.80020543432838,50.381192687164315,0.4742850282538361,0.8482490272373541,5.147368070520318
ID80403,80403,0,237.0,197.5087277518582,96.51337604206076,0.0,8.0,8,5.757768641009604,1,,3259.675105485232,3600.0,560.0,4095.0,772543.0,964.4817480395217,0.4939343887126624,2.234848240547193,-0.1570933421947945,0.05191193754914298,7.200571265734088,4.664664177462572,2.279132322499211,1.5436419411549083,104.14976462355877,53.03284217887622,0.4653485352035019,0.8909774436090221,5.196557730740566
ID80404,80404,0,241.0,195.28958398658722,98.71840655811155,0.0,14.0,14,5.806154102081839,1,,3418.51867219917,3874.0,883.0,4095.0,823863.0,897.452775373107,0.5280091550683559,2.632520995381296,-0.08345752690644971,-6.873003395388788E-4,7.030854324653169,4.9026123698627835,2.3334099624427016,1.4341036562207246,105.9075665581337,49.05538200372382,0.5530488955660485,0.9216061185468453,4.766758693768292
ID80375,80375,0,238.0,195.76805097161267,98.19407082396879,0.0,12.0,12,5.769903045704118,1,,3298.214285714286,3810.0,694.0,4095.0,784975.0,980.0558411530359,0.4614579390256376,2.1252197535553137,0.030313227286294937,-0.09335825230470327,6.753150486848868,5.095101671660558,-0.7648996383638378,1.3254201627438635,104.58921510720259,50.381206749579746,0.5177971271115759,0.9015151515151522,4.926348299013762
ID80379,80379,0,203.0,198.36101610229272,95.22702063265515,0.0,7.0,7,5.32878325574462,1,,2945.093596059113,3054.0,672.0,4095.0,597854.0,990.9707292578905,0.3643824321831589,1.5874117179923954,-0.2879099452029322,0.18631215525440975,6.703179980328595,4.445234060334611,2.29789861038221,1.5079475882140656,89.20844817967277,47.72955725786784,0.4920860313045106,0.8768898488120954,5.053408581256394
ID80349,80349,0,261.0,196.07474852602923,97.41458357781084,0.0,11.0,11,6.042272265113727,1,,3138.597701149425,3616.0,759.0,4095.0,819174.0,1090.3038968714882,0.5819392063831204,2.11790224879532,-0.11484159309654263,-0.06963828465747329,7.227661279756393,5.216416000080731,-0.874482633316196,1.385560752755251,114.69657623100782,53.03284217887628,0.5124724375025899,0.8969072164948451,4.951875028208603
ID80380,80380,0,213.0,198.05829853704506,94.70882364896681,0.0,3.0,3,5.458456313008705,1,,3335.342723004695,3900.0,625.0,4095.0,710428.0,997.5497859170317,0.43345866455828785,2.022080294455746,-0.28468897276469507,-0.04906638967864988,6.196755645898394,5.129242421352149,1.9657036629971254,1.2081229813007808,93.6029530161097,50.381199718372045,0.463406801929265,0.8435643564356433,5.20743346795736
ID79841,79841,1,216.0,197.437401737053,22.25348205767218,0.0,5.0,5,5.496761739544545,1,,3331.3796296296296,3969.0,1147.0,4095.0,719578.0,925.3742696509088,0.26547146850750286,1.5104355409717871,-0.05232301694146417,-0.1498814535548823,8.366114496696127,3.637567327828819,1.4569706745936826,2.299920178161945,94.92130446704103,49.055346847685186,0.4956793886507785,0.9171974522292986,5.035058279800843
ID79969,79969,1,213.0,196.39946147239797,23.039973102208634,0.0,10.0,10,5.458456313008708,1,,3166.192488262911,3380.0,1025.0,4095.0,674399.0,919.248326818385,0.24510025181400155,1.3560443648493854,0.146412256412237,0.0056419276855487754,8.038432014945915,3.787475460482279,1.281701560304851,2.1223720387939724,93.6029530161098,49.05535387889289,0.4887948125772746,0.8875,5.070393182365704
ID79875,79875,1,236.0,196.53666486875284,21.69622039818426,0.0,0.0,0,5.745608609186807,1,,3555.1610169491523,4083.0,1340.0,4095.0,839018.0,777.033189907957,0.27017033830861015,1.9463699965875103,0.040848239964465294,-0.06590871349545743,7.265683997617495,4.559685103347545,1.078563875951954,1.5934617924126626,103.71031413991508,49.05536794130832,0.5415751625898112,0.9328063241106719,4.816987980235194
ID79938,79938,1,227.0,196.84993093372864,21.446707701269947,0.0,4.0,4,5.634987612149045,1,,3420.8678414096917,3924.0,1110.0,4095.0,776537.0,850.5178173783677,0.25386202892680265,1.6286616569212766,0.018580294894558078,-0.013417076011032933,8.023845382195105,3.963344173940494,1.4488118508578227,2.024513902918888,99.75525978712174,50.38116456233337,0.4938661542069698,0.9025844930417495,5.044292944280924
ID80037,80037,1,201.0,195.69766901705302,25.955685110153187,0.0,15.0,15,5.3024681158720925,1,,2976.766169154229,3052.0,623.0,4095.0,598330.0,954.1565804676653,0.3043081984462468,1.4557556890380015,0.06390613959656942,0.089964770057583,7.534054725600756,3.8211887288852764,1.0879213133090873,1.9716520852919512,88.32954721238534,46.40373251201193,0.5154778860476045,0.9095022624434379,4.937418188832919
ID80103,80103,1,292.0,196.05179379774688,27.38812484506208,0.0,14.0,14,6.391038926665664,1,,3226.099315068493,3595.0,933.0,4095.0,942021.0,952.313757025929,0.41447122252576457,1.9853082002436317,-0.045640996010379735,0.13446061341996196,10.365990072657933,4.1740263357961185,1.4223277557741771,2.483451046717177,128.3195412239627,63.63937686485443,0.39815376348894355,0.801097393689985,5.617971341218719
ID79974,79974,1,300.0,197.70256668622366,21.40753669918684,0.0,7.0,7,6.477995834331182,1,,3078.5466666666666,3426.0,815.0,4095.0,923564.0,1063.668801312312,0.46350320897489783,1.8332782336515396,0.5528405320456059,-0.26178965128817466,9.08827046845096,5.507563728360474,1.7908219067882956,1.6501434965976167,131.83514509311243,64.96521567312578,0.3925358226169637,0.8264462809917359,5.658030494781137
ID79912,79912,1,230.0,197.19337312440922,21.619475386035674,0.0,2.0,2,5.672100994285037,1,,3112.5652173913045,3151.0,1000.0,4095.0,715890.0,908.995540752555,0.26258070596369615,1.4242635704003805,0.04756315801852376,-0.15493794310104889,7.351269946504377,4.555010602043325,1.2918913668262708,1.6138864623513023,101.07361123805283,47.72954319545235,0.5575362260675147,0.9200000000000002,4.747537310336841
ID80040,80040,1,177.0,195.1246989670911,23.707418456845485,0.0,13.0,13,4.97584301575835,1,,3547.9717514124295,4095.0,1058.0,4095.0,627991.0,881.7577256239305,0.27783964420691665,1.7497609982321685,-0.050873270427760034,-0.08353877000814562,5.579436832901923,4.668197388125459,1.2131243059757146,1.1952015669034033,77.7827356049363,41.100454622211245,0.5786285065651049,0.914728682170542,4.66020497501462
ID79983,79983,1,245.0,197.26919335943057,21.675766759279487,0.0,3.0,3,5.854139662738661,1,,3064.387755102041,3122.0,810.0,4095.0,750775.0,963.5326909714897,0.2661267795476593,1.3369607076332244,0.12547754343692594,-0.24578123975301686,7.8631817706680645,4.667678735548579,1.4854829842772574,1.6846021794051187,107.6653684927085,53.03282108525302,0.48105688531376506,0.8909090909090915,5.1110098095019225
ID79984,79984,1,298.0,196.62692833256537,24.84795951782004,0.0,11.0,11,6.4563664055525845,1,,2585.4026845637586,2550.0,711.0,4095.0,770450.0,947.2999441045661,0.48768549760578933,1.789366865649635,-0.03588561238710827,-0.06447513974215721,11.547137496170526,3.810821950082214,1.518307970779576,3.030091053170671,130.9562441258248,68.94263366103183,0.34622652379645674,0.8097826086956511,6.024552097980567
ID79929,79929,1,245.0,197.09331864824668,21.60000574701394,0.0,6.0,6,5.854139662738662,1,,3476.9265306122447,4095.0,902.0,4095.0,851847.0,867.4272839499491,0.3173171029035725,1.9310591707388893,-0.06498569765591666,-0.2950101661152496,9.051758772333088,3.9184034351849935,1.4474893183859097,2.3100629942934248,107.66536849270854,53.03280702283759,0.48105714043217385,0.9176029962546819,5.111008454244144
ID80025,80025,1,241.0,196.71718366107044,22.45363071509037,0.0,9.0,9,5.806154102081838,1,,3210.0041493775934,3591.0,858.0,4095.0,773611.0,962.9244929636889,0.29420491487629513,1.515619676058417,0.08901306666760828,-0.21187448956806867,8.41243170628397,4.199462240817213,1.4280918622375487,2.003216417692308,105.90756655813364,53.03281405404533,0.47320302082603816,0.8860294117647053,5.153249595078642
ID79901,79901,1,186.0,196.5463904831165,26.110055315895107,0.0,16.0,16,5.10077902073394,1,,2983.532258064516,3113.0,907.0,4095.0,554937.0,888.5581649319901,0.2357379986973346,1.2810853430534914,0.08471750034482273,0.15016278237613592,7.308196521782832,3.620472683653372,1.1192239717435506,2.018575241509135,81.73778995772959,45.07790776615588,0.5054814862806358,0.9095354523227378,4.986000355320672
ID79900,79900,1,256.0,197.11802989071913,21.847507926732757,0.0,1.0,1,5.984116222016612,1,,3288.80859375,3508.0,1216.0,4095.0,841935.0,860.9155810703971,0.2655351570564074,1.6030823849572184,0.1290502219215887,-0.09399048843387935,7.8710458688067035,4.6479060963789225,1.3768124023637067,1.6934606047525047,112.49932381278931,50.3811786247488,0.5569588762059645,0.9292196007259536,4.749997348374234
ID80028,80028,1,235.0,196.77778041845676,25.201820133334547,0.0,12.0,12,5.733422787177784,1,,2909.6425531914892,3012.0,1012.0,4095.0,683766.0,932.3336174620459,0.21738361739204007,1.114545107001782,0.15578173991259814,-0.01688858521845102,8.340411087824528,4.011283631442337,1.3748214632290627,2.079237434732474,103.27086365627127,53.03280702283752,0.46142215510841206,0.8801498127340835,5.2186204330679224
ID80124,80124,1,212.0,196.72550055669035,25.787779935622478,0.0,17.0,17,5.445627960813386,1,,3196.3396226415093,3563.0,710.0,4095.0,677624.0,981.6715204981759,0.16995831717057028,0.9459948138677593,0.11052902227797787,-0.0071156780881766486,7.889885858709361,3.9155839154744716,1.144943711113829,2.0149959824710595,93.16350253246603,50.38119268716432,0.46123131187987676,0.8814968814968818,5.21969997314412
ID79998,79998,1,303.0,197.77979707158363,20.145428245018106,0.0,8.0,8,6.510305240916764,1,,3359.993399339934,3916.0,763.0,4095.0,1018078.0,939.7174754845856,0.4012598982033736,2.047755880915266,0.15437627041400426,-0.1647114879240273,8.137843579168127,5.562742250151531,1.9150530123173022,1.4629194043542912,133.15349654404358,66.29104745018951,0.3807611911551955,0.7984189723320156,5.744848677571423
ID79904,79904,2,148.0,209.51614294648195,28.876847318706577,0.0,16.0,16,4.5499947415290505,1,,2858.6486486486488,3071.0,993.0,4095.0,423080.0,961.7649228730005,0.16184250541522663,0.8280702354178378,0.0064725066704573635,-0.05432559020644207,4.57448237222396,4.56081483407417,0.5609413251480632,1.0029967316470905,65.03867157926885,39.77463690756302,0.5166174585866888,0.8862275449101791,4.931969619178058
ID79842,79842,2,192.0,209.86700872945093,23.774949955905544,0.0,5.0,5,5.182396667464944,1,,3026.3645833333335,3316.0,500.0,4095.0,581062.0,1043.1227093692873,0.030681834202080163,0.1727318952936699,-0.13234909726998115,-0.14696042895650757,7.49320246364809,3.7147282194441034,2.897858090507202,2.017160346866351,84.37449285959191,47.7295994451143,0.4654204482346166,0.9142857142857138,5.196156250041124
ID79877,79877,2,210.0,209.65077302685287,22.59887861706359,0.0,0.0,0,5.419880166639156,1,,3044.8761904761905,3281.0,704.0,4095.0,639424.0,976.8695651300044,0.07120357380167844,0.4143743207214839,0.07837640098782989,-0.1461810235489141,6.878501753402434,4.428590551573001,3.1193607628646816,1.5532033664659386,92.28460156517865,46.40376766805055,0.5385581693859717,0.909090909090909,4.830461477143452
ID80006,80006,2,145.0,208.19563138460362,28.01132806086113,0.0,11.0,11,4.503643841118641,1,,2826.2827586206895,2938.0,840.0,4095.0,409811.0,1068.8832938544904,0.15721422308458716,0.7184447682161781,-0.05183117744744367,0.04914497626277145,5.198683960772827,3.913245511126018,-0.8666805866532412,1.328483977300195,63.720320128337654,39.77463690756296,0.5061454830747976,0.8841463414634153,4.982728791241911
ID80041,80041,2,171.0,207.84047397536875,26.031771794920708,0.0,9.0,9,4.890779602157404,1,,2824.7368421052633,3004.0,669.0,4095.0,483030.0,1026.367773661637,0.07660846189945518,0.3916732724346173,0.1151641862980165,-0.19336382229094656,5.631564328901882,4.490862044993514,2.768329332479958,1.2540051937645338,75.14603270307411,43.75211114513091,0.4933076995051139,0.8571428571428573,5.047147361827105
ID79944,79944,2,223.0,209.9618874435156,23.273154457356643,0.0,6.0,6,5.585119484428691,1,,3156.412556053812,3436.0,876.0,4095.0,703880.0,992.0594968282094,0.06458944768558794,0.38606946416665433,-0.23172411256040065,-0.26522005153614786,7.809756053346637,4.408358150714513,2.9890092880447865,1.7715793014868406,97.99745785254683,53.0328773349149,0.4378590116726573,0.8710937499999999,5.357199082552036
ID79915,79915,2,246.0,209.868356112323,23.24492602958463,0.0,1.0,1,5.866074720311867,1,,2648.0772357723577,2733.0,761.0,4095.0,651427.0,894.9911219090399,-0.005930590127503584,-0.03530393517543665,0.048348261902169176,-0.21346854443178628,7.345646210882174,4.965062159658657,2.955571322979414,1.479467119377853,108.10481897635216,51.707052589058975,0.5081072039063147,0.8896925858951172,4.9731007287872
ID80075,80075,2,121.0,208.3298007682617,29.556969299699485,0.0,15.0,15,4.114079902636424,1,,2921.9834710743803,2991.0,1175.0,4095.0,353560.0,917.1287439928217,0.13766223795735624,0.7710435849058702,0.01809072464205258,0.009310716759582992,4.131784529968105,4.1152575339816995,-1.0088615874942604,1.00401602958015,53.17350852088875,34.4713519865546,0.5623264956829773,0.896296296296297,4.727272727289344
ID80139,80139,2,223.0,210.76748947518908,28.799376725363544,0.0,17.0,17,5.585119484428695,1,,2782.609865470852,2927.0,587.0,4095.0,620522.0,1064.788531765679,0.22932135135567056,0.9749851901813738,-0.05852115356666453,0.10248256680793516,6.1006543667440996,5.101328231382908,-0.19053486246626986,1.195895282568455,97.99745785254696,49.05539606613932,0.5117420456545839,0.901010101010101,4.9554075887700435
ID79981,79981,2,195.0,208.7664042128601,25.622277218727646,0.0,10.0,10,5.222727210878229,1,,2826.5128205128203,2868.0,773.0,4095.0,551170.0,953.0395560800944,0.1665960051426973,0.8470599086322862,0.02289811372211097,0.023399712807562412,6.240351952613379,4.374438566843915,-0.8343818894582133,1.4265492262052017,85.69284431052306,45.07791479736363,0.5299401025557751,0.9219858156028363,4.869580383933018
ID80044,80044,2,150.0,208.2738093265138,28.783502585013167,0.0,12.0,12,4.580634782953784,1,,3172.9466666666667,3611.0,1113.0,4095.0,475942.0,994.0665365133572,0.17319870084351108,0.9424327513207217,-0.08162680778899395,-0.05832888331731917,4.699394439252455,4.456475291396984,3.058671771562608,1.0545092549541146,65.91757254655617,37.12299444705875,0.6010700230040261,0.9230769230769235,4.572380853211335
ID80015,80015,2,182.0,208.9011721128498,25.354442614467985,0.0,7.0,7,5.045633843694105,1,,3042.664835164835,3311.0,802.0,4095.0,553765.0,1017.4208822728076,0.019867632475345377,0.11651605517142122,-0.22457057039950465,-0.17852239940328848,7.032779736783271,4.015841723175241,3.075024248091686,1.7512591933584978,79.97998802315482,46.40376063684282,0.4667505549141093,0.8646080760095008,5.188747182174111
ID79950,79950,2,202.0,210.16947617353523,22.778467221221188,0.0,2.0,2,5.315641970004392,1,,2690.5643564356437,2884.0,813.0,4095.0,543494.0,1013.8882293471934,0.037206957325982955,0.19038907941595326,-0.014971872919676601,-0.0982371007539664,6.629049933258976,4.4400135504339815,2.9093178353085154,1.4930247076860905,88.768997696029,47.72958538269879,0.48966138511478646,0.8977777777777781,5.065904560902859
ID80083,80083,2,235.0,209.2066821849284,24.499418833446608,0.0,8.0,8,5.733422787177789,1,,3294.5702127659574,3806.0,709.0,4095.0,774224.0,962.075728649226,-0.00860064813689826,-0.05941581445535259,-0.030208977714206203,-0.14504979086780528,7.923406519363225,4.485808085725307,3.014667684982574,1.7663275753095655,103.27086365627142,51.70705962026673,0.48538683107387065,0.8736059479553904,5.088162083368208
ID80125,80125,2,187.0,208.84221237397472,28.43772648905888,0.0,14.0,14,5.114472411871198,1,,3044.2032085561495,3318.0,853.0,4095.0,569266.0,1007.137475207902,0.1820851515060043,0.9311950282855884,-0.020484523730677974,-0.007624693633687912,5.361580071448761,4.884393661258039,0.8617149274711071,1.0976961406644312,82.17724044137346,43.75209708271541,0.5394654918532154,0.903381642512078,4.826397611441425
ID80031,80031,2,203.0,209.62072970749065,23.07445313227704,0.0,3.0,3,5.328783255744615,1,,2638.5467980295566,2591.0,731.0,4095.0,535625.0,1004.4542094778224,0.02637589636341539,0.1350098445280941,-0.009836971618569435,-0.3445126124443551,6.746112013654692,4.559975496224716,2.8431487914862013,1.4794184791650562,89.20844817967263,50.38122081199525,0.4416502442245414,0.8423236514522817,5.334155777100613
ID79967,79967,2,200.0,209.4703661596521,22.860411944822363,0.0,4.0,4,5.289261449995461,1,,3032.38,3205.0,852.0,4095.0,606476.0,969.1025717502071,0.06684667433359134,0.39212241720656477,0.02239705365269762,-0.221853014571339,6.868121813233106,4.164625529019514,2.8661253610397086,1.6491571127764952,87.89009672874157,47.72959241390653,0.48481310974994685,0.9111617312072886,5.091171824552024
ID80062,80062,2,198.0,208.38884805951315,28.806403072811534,0.0,13.0,13,5.262748694317828,1,,3184.813131313131,3536.0,785.0,4095.0,630593.0,992.2983475689718,0.142595926751025,0.8010988924626579,0.07663474405740694,-0.04176329489929969,5.592730168314839,4.947494897424996,0.29739166851480303,1.130416561162229,87.01119576145418,45.07792885977915,0.5380926914858022,0.9082568807339448,4.832550324520257
ID80001,80001,3,290.0,176.51299176811494,21.414241984180272,0.0,3.0,3,6.36911420020804,1,,2539.310344827586,2556.0,616.0,4095.0,736400.0,913.7214109604919,0.5090480678676671,1.874941386762934,-1.0465727969925247,0.2951654757633308,8.381766508779839,5.8948819312356475,0.9142319331002318,1.4218718214467962,127.44064025667521,67.61687922725316,0.3502737271327576,0.747422680412371,5.989645927651417
ID79840,79840,3,271.0,175.53723941443627,21.354960606787856,0.0,5.0,5,6.156936613290976,1,,2645.409594095941,2644.0,392.0,4095.0,716906.0,986.797524233588,0.4810542309266223,1.7414778149080121,-1.3546944922740085,0.2305389871624492,8.641162863467352,5.596061769674022,0.615186914891129,1.544150729410321,119.09108106744483,67.61690032087644,0.32732455458034193,0.7159841479524436,6.196060350933894
ID79876,79876,3,276.0,177.23298550128948,21.972066039134035,0.0,0.0,0,6.21347532603479,1,,2732.0,2771.0,497.0,4095.0,754032.0,956.3693390773633,0.5308184261376895,1.981104366756397,-0.5223473405882074,-0.07322121617953081,8.212421699390454,5.446302579212372,1.220601185859024,1.5078893579537607,121.28833348566332,60.98776956038885,0.4097730492976615,0.8046647230320698,5.537748603524374
ID79911,79911,3,280.0,175.94404640765472,20.44363565354914,0.0,6.0,6,6.258338546369259,1,,2860.0607142857143,2918.0,445.0,4095.0,800817.0,957.3739919479066,0.5505662215617653,2.1214991745971754,-0.7893897195404584,0.3430020373373039,8.800927627130203,5.663416252099539,0.8385291668281608,1.5539962516206587,123.04613542023814,68.94270397310916,0.3253128487422179,0.693928128872367,6.215188768560697
ID80008,80008,3,300.0,175.09946447728768,23.544312915961566,0.0,13.0,13,6.477995834331183,1,,2688.3166666666666,2723.0,369.0,4095.0,806495.0,985.2044368200883,0.5749242622601454,1.9922095805746043,-0.43537478814152963,0.3027813571843976,9.149323695736957,5.0533577233386415,0.8761216737919082,1.8105434439128132,131.83514509311246,67.61687922725318,0.3623521315166462,0.7471980074719804,5.888972439569584
ID80017,80017,3,317.0,176.70901711289463,24.291322670905046,0.0,15.0,15,6.65901001635805,1,,1465.0157728706624,1319.0,426.0,3395.0,464410.0,620.7511704163063,0.4761495219099905,1.5225366353996879,-0.3285078051289367,-0.6495283621467008,9.930303440955983,4.3918591474402495,0.7845103439240166,2.2610705643289495,139.30580331505547,64.96525082916446,0.4147790703149828,0.8276762402088775,5.504229265362774
ID79888,79888,3,292.0,177.30181678400473,22.429929830007687,0.0,1.0,1,6.391038926665664,1,,2725.291095890411,2808.0,667.0,4095.0,795785.0,971.7642726350513,0.5496296537565054,1.9894095680869865,-0.43105336180866854,-0.4931606604355071,9.226878610630575,5.024058291727897,1.3400007305934505,1.836538924284102,128.31954122396272,62.31357321262165,0.415276495884136,0.834285714285714,5.500931745778551
ID79987,79987,3,282.0,174.6045369205646,21.3682323158731,0.0,7.0,7,6.280649984502832,1,,2814.1418439716313,2941.0,386.0,4095.0,793588.0,997.9029441075468,0.590537871916268,2.094071064319398,-0.8964057300616828,0.31429064053513395,9.263958237873357,5.62665782269119,0.6983011357143752,1.6464406633212454,123.9250363875257,67.61689328966864,0.34061086195060986,0.7166454891994922,6.074012556028631
ID80019,80019,3,295.0,174.60437754747073,20.091756248592763,0.0,8.0,8,6.423785711124861,1,,2758.2949152542374,2942.0,403.0,4095.0,813697.0,1071.3395698627253,0.6279124103657656,1.9861478814657039,-1.6341821963455747,0.37560585579458944,9.844125649427147,5.748251033364942,0.5465994922582745,1.7125427529675126,129.63789267489383,74.24600998774079,0.29552592672310135,0.6719817767653755,6.520893961721356
ID79922,79922,3,301.0,175.58368415841707,20.741779462719244,0.0,4.0,4,6.488783511802823,1,,2576.2093023255816,2496.0,625.0,4095.0,775439.0,981.1717447588765,0.5382304427131478,1.837439137510991,-1.122311745553344,0.16849826708005958,8.913030191333112,5.800893596478025,0.7422592521074128,1.536492618438063,132.2745955767561,68.94271100431695,0.3497112410664053,0.7132701421800948,5.994460955497642
ID80018,80018,3,266.0,173.15719768198986,20.04676258765111,0.0,9.0,9,6.099873875165187,1,,2411.721804511278,2380.0,341.0,4095.0,641518.0,904.0600193248437,0.5960604299452352,1.9925118046281542,-0.8927611226018594,0.7774243637478955,9.190736319329508,5.319005612068207,0.6601362086099485,1.727904986314884,116.89382864922631,70.26854278138066,0.29749491910230397,0.6658322903629534,6.499278624389796
ID79957,79957,3,199.0,173.0068044623855,19.46420328313972,0.0,10.0,10,5.276021725976499,1,,1839.8994974874372,1732.0,333.0,4095.0,366140.0,810.7297934139581,0.20907260603583508,0.7848609369257135,-0.36942348943812015,0.5116659013360402,8.51231159275289,3.9129799079927223,0.4464503015640202,2.1754038591829956,87.45064624509786,60.987797685219775,0.29545203478487436,0.7132616487455199,6.521709341739019
ID80117,80117,3,277.0,176.04750894342376,24.269165061818967,0.0,17.0,17,6.224721444424256,1,,2248.2563176895305,2214.0,553.0,4095.0,622767.0,838.7238339110495,0.5275711318094487,1.8515541360910925,-0.13916973295214732,-0.22169267655019542,9.312852653928385,4.445354276178624,1.075416905568812,2.0949629827780623,121.7277839693071,59.661944814532866,0.42973899886768135,0.8343373493975905,5.40757495722347
ID79892,79892,3,200.0,174.83319467416263,23.109002766318742,0.0,16.0,16,5.28926144999546,1,,1882.615,1822.0,484.0,4095.0,376523.0,659.2368641011741,0.3340747791888194,1.4302552205649521,-0.07432370929317937,-0.22524790013603208,8.24101700268921,3.5220479702870278,0.900363752520472,2.339836672360147,87.89009672874155,53.03284217887627,0.39269918582573915,0.8333333333333329,5.656853499514525
ID80054,80054,3,282.0,175.06998603347023,22.95498224031916,0.0,14.0,14,6.280649984502832,1,,2630.695035460993,2634.0,333.0,4095.0,741856.0,926.5571711250019,0.5652301019190693,2.0505736404235377,-0.015158459983784496,0.024918164281767564,8.823042438931623,4.899833641254463,0.8181169132932916,1.8006820404361186,123.9250363875257,63.639419052100806,0.38451785082729706,0.7642276422764228,5.71671680810407
ID79992,79992,3,194.0,175.9007227897632,21.442026184066165,0.0,12.0,12,5.209318389752717,1,,1783.4639175257732,1729.0,422.0,3703.0,345992.0,607.2515771621518,0.19812252095366928,0.9713109511584754,-0.1346612951208308,-0.6782820729182772,8.15182054956028,3.724194165382875,1.259096710733226,2.1888817251616666,85.25339382687932,46.403718449596425,0.49752622141238606,0.9065420560747662,5.0257044450661645
ID79899,79899,3,284.0,177.088637313124,21.395149951524015,0.0,2.0,2,6.302882443350779,1,,2539.693661971831,2591.0,521.0,4095.0,721273.0,966.4800260780067,0.5074713597149763,1.7692162306171373,-0.858053136640562,-0.07214223984076099,8.161346879636328,5.6733640654165605,0.8379133340027072,1.438537485966378,124.80393735481304,64.96525082916449,0.3716001765597948,0.7603748326639894,5.815231069246516
ID80387,80387,4,100.0,42.83739753860644,93.39722890839478,0.0,3.0,3,3.740072638760382,1,,972.68,958.0,320.0,1795.0,97268.0,307.44735543444887,0.25821777306122823,1.2985525691825364,0.007843015146889265,-0.007225652291841101,4.193183663363157,3.3719671097752437,0.13196799049204133,1.2435422786916361,43.945048364370805,31.81971655725812,0.5454151502033718,0.9049773755656111,4.800001060673856
ID80290,80290,4,88.0,42.83317900532384,93.3722191651405,0.0,2.0,2,3.50849912954522,1,,949.0454545454545,948.0,424.0,1844.0,83516.0,257.5015638426303,0.16318672257248887,1.034123773354692,0.04860583066467299,0.04624372197319606,3.781436304878481,3.215602018029159,0.17896425309045746,1.175965272965005,38.67164256064632,29.168074096753926,0.5711983889006587,0.9072164948453609,4.6904168905040615
ID80370,80370,4,118.0,44.68478825651873,92.93083320216574,0.0,7.0,7,4.062758809599798,1,,869.6271186440678,855.0,295.0,1394.0,102616.0,226.1446400705806,0.07556887906216554,0.5403579231216039,-0.026900941632252887,0.0399435677515278,4.473712790000159,3.7816046164517276,3.080862540848134,1.1830197082311147,51.855157069957535,34.47135901776231,0.5483842927405181,0.8905660377358495,4.786988989502006
ID79940,79940,4,110.0,42.36612710621599,94.48259150115942,0.0,0.0,0,3.9226212763309762,1,,950.2636363636364,953.0,502.0,1675.0,104529.0,249.59580820377184,0.1588904625201065,1.0439801935890736,0.0882519295147372,0.015360417543696724,4.044850422324146,3.8474880070453494,0.30903373847623916,1.0512964341714373,48.3395532008079,31.819709526050403,0.5999569303688324,0.9243697478991594,4.576620428394933
ID80317,80317,4,116.0,43.489337568809866,93.00154089734997,0.0,4.0,4,4.028181510075817,1,,985.8275862068965,977.0,517.0,1879.0,114356.0,264.73091427242537,0.24074571976466774,1.4451139444879062,0.005741327527748789,-0.02036847927267086,4.400176899383424,3.687731614190309,0.2805345384054787,1.1931933664726688,50.97625610267012,34.47135901776231,0.5390896437110178,0.8992248062015508,4.828079777415606
ID80252,80252,4,83.0,44.47103725859011,93.1426878808885,0.0,6.0,6,3.4073683356601414,1,,956.0602409638554,934.0,341.0,1811.0,79353.0,242.95851042963102,0.2268826320985459,1.4553966485789198,-0.003812625882890028,-0.0030237822444049815,3.5033497270023726,3.284965711936047,0.24446640865996083,1.066479846128323,36.47439014242777,27.84224935089796,0.5912746584953693,0.9171270718232046,4.610099501694346
ID80287,80287,4,130.0,43.262681322469454,94.23504371807427,0.0,1.0,1,4.264338910800274,1,,946.5307692307692,930.0,386.0,1616.0,123049.0,242.47577001819235,0.13784053951578354,0.9457839639224257,-0.014402727314549139,0.062395278547917356,4.530206623028714,4.047007410096706,1.4719840473976842,1.119396671161633,57.128562873682064,35.79716970120282,0.5602292526506067,0.9059233449477356,4.736112839145749
ID79871,79871,4,87.0,43.904610262195945,92.30434365085428,0.0,5.0,5,3.4885075187804206,1,,912.8620689655172,914.0,381.0,1438.0,79419.0,227.1851090566126,0.24854884767544175,1.5997845980216983,0.0992970326690993,0.14804486040227982,3.7443179647660685,3.499565620576612,3.0179725225047687,1.0699379210809397,38.232192077002615,29.16806706554621,0.5647077703727068,0.8832487309644665,4.717295153302882
ID79843,79843,5,90.0,206.5929581764888,31.628118148330216,0.0,5.0,5,3.548144445887687,1,,3383.8444444444444,4095.0,770.0,4095.0,304546.0,1037.8885969002326,0.08822610623462097,0.5286492467210229,0.07549957096154818,-0.014524952294732838,4.7601584266562105,2.7244606200884824,2.491722027337553,1.7471929641991355,39.55054352793371,31.81971655725814,0.4908736351830339,0.8866995073891625,5.0596453743178245
ID79907,79907,5,97.0,204.8740939756215,36.897370316421735,0.0,16.0,16,3.683544358753933,1,,3234.2474226804125,4095.0,707.0,4095.0,313722.0,1055.9919608963257,0.140992080413015,0.7569282482534988,-0.056167842137966106,-0.00711690597071477,4.7339156271579474,2.9081485048538176,2.37457705372673,1.6278108285243518,42.62669691343967,34.47135198655454,0.4507906618285033,0.873873873873874,5.279800058713372
ID79973,79973,5,94.0,206.78634679781263,30.994515190845668,0.0,4.0,4,3.6261349592385272,1,,3467.3617021276596,4095.0,1094.0,4095.0,325932.0,926.3513912241287,0.14338886613723922,0.938803839675276,0.007061271764630488,-0.04521839466512989,4.747083888002949,2.848324810191977,2.4365704311699248,1.666623087021805,41.30834546250853,31.819716557258133,0.5126902411911688,0.8952380952380947,4.950823076043763
ID79879,79879,5,88.0,207.53677129733987,30.727332148012074,0.0,0.0,0,3.5084991295452177,1,,3432.3977272727275,4095.0,1149.0,4095.0,302051.0,908.0940067263117,0.06213471737555271,0.4422333742922166,0.0562320094077858,0.08044040136901903,3.8914630548890727,3.2004920857480568,-0.9404364532806468,1.2158952281800484,38.67164256064627,29.168067065546175,0.5711986642850374,0.8888888888888896,4.690415759839918
ID80046,80046,5,71.0,205.26007896406887,33.761668001183445,0.0,9.0,9,3.15144122167539,1,,3231.225352112676,3707.0,972.0,4095.0,229417.0,1005.7852113389267,0.16759064826970474,0.9222553233004512,-0.08123291920391143,0.02007071046150328,3.9002069674166333,2.604288353717167,2.636858874734053,1.497609495449983,31.20098433870328,26.51643163624977,0.5576324002798769,0.8930817610062886,4.747127891560362
ID79921,79921,5,97.0,206.9995140578931,32.051984957217265,0.0,1.0,1,3.6835443587539314,1,,3382.2474226804125,4033.0,979.0,4095.0,328078.0,957.4950721253518,0.12547582282751119,0.7876308258399402,0.08029732017410426,0.10522291397295894,4.489612922796402,3.215481919969054,2.362218882924331,1.3962488468414747,42.62669691343963,29.168067065546175,0.6296167094960069,0.9463414634146339,4.467523126603629
ID80081,80081,5,96.0,205.01946200241275,36.466892453422965,0.0,12.0,12,3.6645078263630273,1,,3388.75,4095.0,742.0,4095.0,325320.0,1036.9922600330347,0.045054154744515705,0.2817669568582526,-0.03811303733520137,-0.006282947334323308,4.335626275412221,3.1026360454330946,2.529546359756181,1.397400859115918,42.18724642979595,30.49389181140215,0.5701187621964922,0.9142857142857138,4.6948558816151795
ID80113,80113,5,85.0,204.32519127459665,36.77974318988932,0.0,15.0,15,3.4481765966556037,1,,3025.141176470588,3206.0,1142.0,4095.0,257137.0,1011.6720618779162,0.10276986956728848,0.5573356192349626,-0.02616864798643548,0.0015671223476458852,4.329577979504446,2.7825093946894763,2.5908255284032666,1.5559976141563467,37.35329110971512,29.168074096753926,0.5517257165517716,0.9042553191489349,4.772471222471242
ID79952,79952,5,101.0,206.76302546511874,31.61615807653658,0.0,6.0,6,3.758726483349924,1,,3397.762376237624,4095.0,960.0,4095.0,343174.0,983.3019897113466,0.07502429043796746,0.48230270765563993,-0.0030337959311775064,0.02049256707037451,4.769471675817302,2.9363752272303647,-0.6873190877928316,1.6242718681140567,44.38449884801451,33.14553427190637,0.5076812651213991,0.8938053097345119,4.97518647876401
ID79955,79955,5,83.0,207.4276775579796,30.957044951665278,0.0,2.0,2,3.4073683356601387,1,,3307.156626506024,3822.0,1113.0,4095.0,274494.0,957.9902041600059,0.13087617377883312,0.7990412987412737,-0.06650768728334544,0.10558224431932248,4.05632043830155,2.8910422589096103,2.559894191300767,1.403065080007318,36.474390142427715,29.168074096753926,0.5387439349858477,0.8829787234042541,4.829628603785646
ID80115,80115,5,113.0,204.17701086182075,37.03489925917847,0.0,13.0,13,3.9757517500242106,1,,3538.265486725664,4095.0,1082.0,4095.0,399824.0,907.2496212818495,0.08167926029078007,0.5889886278238328,0.002067357034434573,-0.06466688954059616,4.493827035264919,3.542616490439366,2.526013434314198,1.268505085829254,49.65790465173901,33.14553427190637,0.5679998312744367,0.911290322580645,4.703604840825602
ID80023,80023,5,98.0,206.18604121650972,32.90192532678073,0.0,7.0,7,3.702483014996824,1,,3339.0102040816328,4095.0,941.0,4095.0,327223.0,988.4689868878709,0.020562804780524767,0.13612168309853062,0.018729494045729357,0.12990101361812564,4.3850518228285065,3.196721701516211,2.557871086427843,1.3717339925926828,43.066147397083405,31.81971655725814,0.534506847199304,0.8789237668161435,4.848733285293009
ID80182,80182,5,100.0,204.60790390422298,36.57931074714472,0.0,14.0,14,3.7400726387603807,1,,3478.81,4095.0,663.0,4095.0,347881.0,957.8164212774208,0.06142667310962922,0.42038327024004096,-0.010050373640637628,0.004759237153113334,4.599906235299653,3.0501690266866173,-0.6375451411645806,1.5080824029927637,43.94504836437077,33.14553427190637,0.502654717941979,0.8849557522123892,5.000000530346073
ID80121,80121,5,122.0,206.19835022844825,33.01503456640386,0.0,8.0,8,4.131045252561264,1,,3513.9754098360654,4095.0,1227.0,4095.0,428705.0,860.4809193779176,0.010780408592530407,0.08710957102660695,0.13891486100892497,-0.006742253772739425,4.809449794428036,3.655594026302702,2.378837472849651,1.3156411132699966,53.612959004532435,34.471351986554595,0.5669738220935803,0.9104477611940301,4.707858794227512
ID79993,79993,5,62.0,205.72737044366662,33.84042795856148,0.0,10.0,10,2.9449361406975383,1,,3311.3548387096776,4095.0,980.0,4095.0,205304.0,987.2212716703883,0.11245662965719243,0.6781459735944166,-0.042409704889692056,-0.012947528562348277,3.8474848729800684,2.3413937288468363,2.6503326762756494,1.643245570182252,27.245929985909907,25.190606890393788,0.5395531583227566,0.8794326241134748,4.826005499542068
ID80153,80153,5,97.0,204.59389390046155,37.17073479366816,0.0,17.0,17,3.6835443587539327,1,,3376.0,4079.0,859.0,4095.0,327472.0,1012.1030394678202,0.04193230882418921,0.2684831132156217,0.014196771901704569,-0.03605326294245341,4.672377405042875,2.967200538040196,-0.7243723116307305,1.5746753025762559,42.626696913439666,33.14553427190637,0.48757507640371983,0.8940092165898611,5.076731364152946
ID80058,80058,5,87.0,206.91247686045077,31.29386985092069,0.0,3.0,3,3.488507518780418,1,,3250.2183908045977,4010.0,953.0,4095.0,282769.0,1025.522084001181,0.06647183714530841,0.3950806981943584,0.03512520834247465,0.05759743271295944,4.351184391816312,2.8119204041542036,2.4318972547333018,1.5474066710380812,38.23219207700256,29.16806706554617,0.5647077703727077,0.8923076923076925,4.71729515330288
ID80029,80029,5,65.0,204.96230705743696,35.10357364476238,0.0,11.0,11,3.015342961104532,1,,3150.523076923077,3381.0,1157.0,4095.0,204784.0,1040.3128151500316,0.20539757000632755,1.0320808074738486,-0.11746117096854086,-0.01560062398063619,3.813195912795478,2.476386285876753,-0.4826644993872881,1.5398227386990369,28.56428143684107,25.190606890393795,0.5656605692093422,0.8904109589041099,4.713320572198031
ID80352,80352,6,265.0,80.71520990526152,101.79028042783223,0.0,2.0,2,6.088397150276149,1,,3154.433962264151,3458.0,536.0,4095.0,835925.0,967.836616514605,0.35680645777389997,1.714210656995155,0.2514746479156396,0.04543522546245254,7.667050716597179,4.73615876299089,-0.05246059286926186,1.6188331304492478,116.45437816558267,58.33618334954656,0.43002099607032485,0.8520900321543403,5.405801589052616
ID80291,80291,6,297.0,83.18992273198245,102.60802383854137,0.0,6.0,6,6.445524472788544,1,,2855.8888888888887,3020.0,803.0,4095.0,848199.0,905.5133032387445,0.3317170082051622,1.5712028590582672,0.007777115173696215,0.33880109050448726,9.325804641387672,4.953447996098109,0.01581575516694001,1.882689522274933,130.51679364218134,63.63948233297043,0.40497012262158244,0.8671532846715327,5.57049052970236
ID79874,79874,6,273.0,83.12386941417809,102.1486699672281,0.0,5.0,5,6.179614172984189,1,,2557.6703296703295,2603.0,876.0,4095.0,698244.0,800.8198839352959,0.23827228345364573,1.2291279314362955,-0.2368604927559357,-0.007668194041852975,8.515668109379975,4.974865757081304,3.125055600983233,1.711738270979199,119.96998203473231,63.63946123934724,0.3722455109931332,0.8005865102639297,5.810188165273788
ID80357,80357,6,257.0,81.16162573610481,102.45939934096616,0.0,4.0,4,5.995792557455139,1,,2951.673151750973,3032.0,846.0,4095.0,758580.0,897.72070872734,0.34942038537639275,1.7027778364254689,0.17462543156282576,0.11456093577812572,8.537239199170163,4.881981857043043,-0.14298622588458224,1.7487240733706995,112.93877429643307,63.63947530176273,0.35042876939971257,0.7799696509863432,5.988320763875574
ID80356,80356,6,306.0,80.10407810910164,98.49612453300081,0.0,13.0,13,6.542455091951676,1,,2647.826797385621,2779.0,852.0,4095.0,810235.0,814.4734149577804,0.6791942411322522,2.629878680207059,-0.8510887683222927,-0.10658180830898714,9.116701881754247,5.688855493416534,1.6642888486902105,1.6025546601253295,134.47184799497475,75.57180660876583,0.2958841001642672,0.6673936750272632,6.516945932269625
ID79943,79943,6,228.0,82.6808734603208,102.61422062078977,0.0,0.0,0,5.647385839705414,1,,3083.5219298245615,3237.0,766.0,4095.0,703043.0,787.6804370317973,0.323095144656387,1.911905108764942,0.0827431412253858,0.3680442376262119,5.945073575027131,5.679926643169295,0.6762973778326511,1.0466814007495506,100.19471027076544,49.05539606613931,0.5232160825526688,0.9101796407185625,4.900770774813763
ID80359,80359,6,316.0,80.0865276863892,98.00771805482806,0.0,12.0,12,6.648498549636964,1,,2499.3639240506327,2524.0,694.0,4095.0,789799.0,803.4916958090336,0.6558073730922024,2.46402200990908,-0.6738113065800457,0.03511964429341898,8.606935999140852,5.775460003478762,1.5665737932922539,1.4902598224135555,138.8663528314118,78.22345610047773,0.2851890805209697,0.6730564430244945,6.638018913819959
ID79975,79975,6,204.0,77.05706421196741,101.74676093958561,0.0,16.0,16,5.341892213451734,1,,2367.950980392157,2488.0,407.0,4095.0,483062.0,788.4989840396413,0.31720008687877843,1.446382345508297,0.3802870822321032,-0.004928247486211083,8.605440576970247,3.699335043066101,-0.5066843598206981,2.3262128130567605,89.64789866331647,53.03287733491496,0.40055263848081607,0.8275862068965514,5.601123306565433
ID80360,80360,6,244.0,82.23373649091904,101.29464687078828,0.0,11.0,11,5.842180222949126,1,,2742.6024590163934,2851.0,688.0,4095.0,669195.0,835.5928243228111,0.3233325744410422,1.603904892492778,-0.33175304632337876,0.11855773440946704,6.649461558797614,5.934272404019169,1.937853508009806,1.1205184235044654,107.22591800906483,57.0103234476519,0.4145745396702019,0.785829307568438,5.505586855657962
ID80331,80331,6,259.0,81.39232995795373,102.7252779486621,0.0,1.0,1,6.019077276368738,1,,3013.5559845559847,3275.0,631.0,4095.0,780511.0,977.628414884723,0.3049726938367517,1.4407710565094163,-0.5882634204331935,0.18005122902377688,8.739913957870383,4.701703974739317,2.9564257719053613,1.858882227555588,113.81767526372046,59.66200106419481,0.4018129632989184,0.8341384863123996,5.5923321779216435
ID80399,80399,6,231.0,78.98701364705505,101.27582893430866,0.0,15.0,15,5.684418274793064,1,,2379.5844155844156,2416.0,502.0,4095.0,549684.0,759.0415813319139,0.30715258333728335,1.4733076051081155,-0.36193419765573703,0.21615950272835519,8.10729851911522,4.215429087803097,2.585837857805258,1.9232439569610698,101.51306172169656,57.01033751006736,0.39248635827606393,0.8539741219963026,5.658387019187616
ID80398,80398,6,284.0,83.16048982501887,102.34239031470403,0.0,7.0,7,6.30288244335078,1,,2631.2464788732395,2700.0,638.0,4095.0,747274.0,921.2161625728443,0.2670449734073149,1.2039885479170924,0.3727795084183469,-0.02244035472452951,8.90515469561784,4.53467943100398,3.0928933725472656,1.9637892448874243,124.80393735481312,67.61692844570737,0.34302618512342614,0.8091168091168093,6.052590547806755
ID80401,80401,6,286.0,80.75709785029386,102.95020911506337,0.0,3.0,3,6.325036755748032,1,,2796.22027972028,2975.0,817.0,4095.0,799719.0,907.7346414986943,0.3158449517351739,1.4788076494941167,-0.1659790264429418,0.13163601802695185,8.950811314372245,5.030103007344435,2.8724525056404895,1.7794489101521775,125.68283832210054,66.29111776226691,0.3593975896517849,0.8045007032348804,5.913128977348595
ID80407,80407,6,205.0,79.34252674224888,100.8332877516127,0.0,14.0,14,5.354969080542698,1,,2624.570731707317,2701.0,951.0,4029.0,538037.0,735.0143263389372,0.39676773898106193,2.0286383440001545,0.04303670002713463,0.14768914862696528,6.776494571179361,4.450459099414136,-1.0682582764548283,1.5226506793583223,90.08734914696021,49.05537497251609,0.4704359173925006,0.8836206896551727,5.16838307752059
ID80408,80408,6,236.0,82.341581779708,102.94468945793055,0.0,8.0,8,5.745608609186807,1,,3084.6906779661017,3249.0,806.0,4095.0,727987.0,853.5015098504421,0.2841182253234505,1.5993054100136455,-0.17378702701220883,0.4162631921707683,6.601921920999854,5.400568387359161,-0.45060788453316863,1.22244946225524,103.7103141399151,51.707045557851245,0.4874525720890313,0.8905660377358491,5.077369254342202
ID80154,80154,6,375.0,81.840509912198,99.36031504964512,0.0,9.0,9,7.242619521762497,1,,2787.848,2903.0,567.0,4095.0,1045443.0,974.9718963946395,0.633587515750371,2.2180493015952965,-0.3403336861104468,0.23657996338329762,8.866309540813935,6.85356429168804,1.3541134258008467,1.293678612100705,164.7939313663906,86.17840457561357,0.27883942538455747,0.677506775067751,6.713173050472978
ID80253,80253,6,217.0,78.35807541752509,101.06152450689669,0.0,17.0,17,5.5094710322092455,1,,2338.5207373271887,2388.0,577.0,3662.0,507459.0,565.94457324427,0.3617618772680925,2.1954267322753207,-0.5439589998483255,1.344500027234754,8.48483031765824,4.631648445620468,2.2507618688772046,1.8319245118185108,95.36075495068474,49.05539606613931,0.49797320137688256,0.9273504273504274,5.023448406484742
ID80316,80316,6,302.0,83.43915602562464,99.5746175324302,0.0,10.0,10,6.4995532843785675,1,,3028.735099337748,3138.0,790.0,4095.0,914678.0,780.7829676365374,0.309036084576727,1.831548948269377,0.05461012016017636,0.857939611198877,8.29511333972812,5.661010446840176,2.303568117372476,1.465306135295728,132.71404606039985,55.684498701795945,0.5378462254987992,0.8830409356725148,4.833657446603366
ID80032,80032,7,68.0,122.69728125987713,34.11056017319247,0.0,7.0,7,3.084142907418324,1,,1935.6617647058824,1971.0,917.0,3062.0,131625.0,486.47567809903296,0.3826271493247442,2.2022622619061356,0.8230731555889652,-0.19532553993891744,4.135714490518313,3.0662595981313157,-0.7572716331883975,1.3487815881730172,29.882632887772147,25.19059282797828,0.5917686407941165,0.9379310344827586,4.60817494635324
ID80096,80096,7,127.0,123.20774528025252,34.02236166959491,0.0,13.0,13,4.214847808150273,1,,1647.8267716535433,1724.0,563.0,2654.0,209274.0,489.8161153909067,0.4430434032794572,2.0657385823834926,0.1309829712561492,0.0822444349962473,5.145834886981427,3.6054470907756273,2.108703684934191,1.4272390517522255,55.81021142275097,37.12298741585106,0.5089061455867916,0.878892733564014,4.969195511566825
ID79906,79906,7,141.0,122.15923536019693,33.592083585679426,0.0,16.0,16,4.441090194301137,1,,1634.9929078014184,1598.0,483.0,3530.0,230534.0,617.6450378708505,0.4134367837119088,1.5486013596673882,0.35911117982077606,0.1615172849046306,5.4156783538115745,4.001475889638144,1.9975528205606388,1.353420213735517,61.96251819376285,38.44880513049929,0.5267120180385881,0.8895899053627763,4.884479802351506
ID80069,80069,7,89.0,120.51597970758071,34.851129701342856,0.0,3.0,3,3.5283774706586573,1,,1939.2134831460673,2012.0,687.0,3018.0,172590.0,572.6130986322526,0.4357908168541781,2.055801802365032,0.6329147939136227,-0.16423822443270428,4.225277225646547,3.668994743169992,2.275407453903474,1.1516171380490805,39.11109304428995,31.81970249484266,0.4854199127341606,0.8476190476190465,5.0879886997542645
ID79844,79844,7,80.0,121.68585245559267,33.493470016300854,0.0,5.0,5,3.3452226644220944,1,,1820.45,1928.0,525.0,2940.0,145636.0,476.97291540014754,0.3949623515411243,2.16126612020153,1.2991227352608545,-0.12672888026832113,4.856536101720302,3.4890868763248464,2.860095166730102,1.391921804720388,35.1560386914967,26.516417573834268,0.6283188639288928,0.9356725146198834,4.47213476916474
ID80169,80169,7,125.0,122.62818239370968,34.25382647565166,0.0,14.0,14,4.181528330527617,1,,1683.216,1716.0,501.0,3218.0,210402.0,523.4743667508097,0.4579702392492829,2.0200542079298143,0.3998041393252051,-0.028823636005539423,5.115372637296377,3.8451806366703334,2.1633219413975704,1.3303335059249504,54.93131045546355,35.797162669995075,0.5386821853162188,0.8960573476702516,4.8299054083958515
ID79880,79880,7,92.0,120.17448430101047,35.75384510915507,0.0,0.0,0,3.5873516520892843,1,,1921.2065217391305,1960.0,570.0,3253.0,176751.0,585.2526933913543,0.47607122272673974,2.117508897067941,0.41184062113423553,-0.022119235755498328,4.247463708005541,3.5649419739603774,-1.150190544432535,1.1914538130018801,40.42944449522112,33.14552724069862,0.4624425367037421,0.8363636363636362,5.2128597985395215
ID80043,80043,7,99.0,122.35755343952621,33.29275594561115,0.0,9.0,9,3.721325289432786,1,,1942.1818181818182,2046.0,429.0,3604.0,192276.0,654.1853847536125,0.46417691189562965,1.8823874690781952,1.2240746598983125,-0.5118098308330227,5.646451731147144,3.6342162745036783,2.2735946091325436,1.553691719108895,43.5055978807271,33.14551317828314,0.4976288041384515,0.908256880733945,5.025186411312779
ID79980,79980,7,78.0,120.98150805935718,34.683731368457956,0.0,4.0,4,3.3031427168227467,1,,1932.320512820513,1956.0,556.0,3410.0,150721.0,593.712259084101,0.45486877739161746,2.035145421701004,0.11674905536767621,0.06794825020473452,3.6176971231781123,3.094329716110093,-1.4441036727549554,1.1691375693880317,34.277137724209226,27.84224231969025,0.5556559838120603,0.9230769230769225,4.755562942945253
ID80143,80143,7,125.0,122.14558218621706,34.354588621964446,0.0,17.0,17,4.181528330527615,1,,1441.336,1425.0,435.0,2498.0,180167.0,461.1388941977628,0.2795584386253682,1.3657649302538308,0.43221197652316756,0.0020603661443053746,5.3052177957238555,3.8149301402275353,-1.096618983595348,1.3906461195138515,54.93131045546352,37.12298741585106,0.5008918755775504,0.8503401360544217,5.00879132093669
ID80021,80021,7,188.0,123.62257916213926,31.3189173976213,0.0,11.0,11,5.128129238350339,1,,1696.8085106382978,1679.0,490.0,3469.0,319000.0,572.9495741098307,0.2622882198299093,1.230741045952328,0.2501897590476928,-0.029177299139554934,7.822276494284748,3.5632533388230203,1.9961524341968977,2.1952625172782487,82.61669092501715,49.05536794130834,0.4314242820630698,0.8430493273542605,5.397002751532045
ID79988,79988,7,146.0,123.71942696946452,32.40534599124824,0.0,10.0,10,4.519146963872488,1,,1871.7602739726028,1874.0,427.0,3303.0,273277.0,676.0148468558806,0.4033582380244087,1.591645588800331,0.08104572567435402,0.3852276216517609,6.353793011789703,3.574222651016069,-1.1697646852125114,1.7776712958784104,64.15977061198141,39.77462284514752,0.5096365019450408,0.8929663608562693,4.965633576019732
ID80089,80089,7,156.0,122.92350135697308,33.757358734504926,0.0,15.0,15,4.67134922858464,1,,1558.4551282051282,1658.0,397.0,3103.0,243119.0,553.7167710027039,0.33316458032578045,1.4067330072051503,0.1590431091514913,0.004396133171943329,5.830025092518256,3.9462226358135597,2.1123793101600397,1.4773685193553021,68.55427544841845,41.100454622211224,0.5099776668031438,0.8715083798882681,4.963972343372541
ID79960,79960,7,80.0,123.31827417392778,33.22002011265456,0.0,6.0,6,3.345222664422093,1,,1909.2125,1945.0,646.0,3221.0,152737.0,533.0532709919244,0.41280196859959434,2.0930235767367074,0.31882067997913527,8.750975841213031E-4,3.99302272647747,3.15330971592094,2.180868844589349,1.2662957610274852,35.156038691496676,29.168060034338453,0.5192717633360144,0.8791208791208797,4.91934836466627
ID79930,79930,7,93.0,120.27226310122462,35.476315945184226,0.0,1.0,1,3.6067954348950466,1,,1824.4193548387098,1864.0,674.0,2965.0,169671.0,548.4692199873136,0.39866254429522935,1.8962469527487311,0.47481860567758694,-0.11840126629278666,4.4097936352436315,3.524448148374333,-0.7194187797877255,1.2512011667068128,40.868894978864795,30.493884780194428,0.5523028055751086,0.8815165876777245,4.7699772458517
ID79962,79962,7,96.0,120.6293358612367,34.90629451847223,0.0,2.0,2,3.6645078263630264,1,,2012.1458333333333,2084.0,576.0,3186.0,193166.0,576.3774709642001,0.434931657375789,2.116275747715296,0.3582472183413568,-0.06781554541827191,4.0802851584411854,3.6529017735668727,1.6585238217919507,1.1169983238988095,42.187246429795934,31.81970249484266,0.5235990069941511,0.8571428571428565,4.89897840305508
ID80061,80061,7,122.0,123.91027665778606,33.50406569066009,0.0,12.0,12,4.131045252561262,1,,1745.377049180328,1794.0,548.0,2827.0,212936.0,553.6318603768018,0.4355142210171277,1.912903330064004,0.14742294252500926,0.16256613857020905,5.054778647967423,3.4818051796222482,2.094935583564468,1.4517695239099595,53.612959004532385,35.79716266999508,0.525753812868629,0.8970588235294117,4.888928845902616
ID80224,80224,8,103.0,181.27757180475396,45.98527947165855,0.0,14.0,14,3.7957591656347445,1,,1159.1747572815534,1133.0,584.0,2144.0,119395.0,338.0837704284936,0.2786174901852308,1.4942467592053421,0.01661803518112957,0.012148984147081189,4.430604596053472,3.2836467621086225,-0.23104142868555438,1.3492939152834822,45.26339981530194,31.81972358846589,0.5617773564373841,0.9155555555555545,4.729582625397998
ID80002,80002,8,116.0,181.87229541752697,43.79198770409201,0.0,10.0,10,4.028181510075819,1,,1221.6637931034484,1214.0,551.0,2079.0,141713.0,344.596069622682,0.39334352740760153,2.0016363641074233,0.12297901558329255,-0.1343707779539698,5.25693705188326,3.246757173869368,2.5008967703340694,1.6191346535528657,50.97625610267016,37.12300147826652,0.46482730837702607,0.8821292775665404,5.199470453771014
ID79972,79972,8,120.0,182.80361110466396,42.36540022348812,0.0,6.0,6,4.097044301913864,1,,1220.4833333333333,1251.0,562.0,2336.0,146458.0,343.33201666822134,0.3456014148317073,1.8260245872824263,-0.042621226635984215,0.008695641143579041,5.702037148592209,3.057517928213781,2.636884812233431,1.8649235368256272,52.73405803724497,38.44883325533024,0.4482648914660665,0.8510638297872338,5.2946538098425355
ID79847,79847,8,113.0,181.20387057521964,42.338170117771504,0.0,5.0,5,3.9757517500242114,1,,1311.8761061946902,1266.0,401.0,2441.0,148242.0,401.9165054714937,0.4083021362514881,1.892660812705312,-0.03806650055614952,-0.017758476968707915,5.141409315767286,3.1676294162904783,2.6936142847174844,1.6231094740205583,49.65790465173903,34.47136604897011,0.5251474559355119,0.9003984063745007,4.891750511176226
ID79883,79883,8,80.0,180.4613207203241,44.33202983355104,0.0,0.0,0,3.3452226644220944,1,,1162.35,1166.0,418.0,1856.0,92988.0,284.60632815402477,0.10311603221770857,0.7635322058746629,0.18602645707349147,-0.10309310479143607,4.715661961953424,2.4476782244538664,-0.4522796796746174,1.926585739432967,35.1560386914967,34.4713660489701,0.37178580951186757,0.8121827411167515,5.813779113221009
ID80171,80171,8,101.0,182.08430742344737,43.2203448067261,0.0,8.0,8,3.7587264833499243,1,,1160.5148514851485,1134.0,435.0,2181.0,117212.0,308.50600039096116,0.26748627954859266,1.58772515767077,-0.002546167466692608,-0.07249187390009108,4.982981795843629,2.992219111282899,2.529900895930938,1.6653131373481538,44.384498848014516,34.47135901776235,0.4693797759897645,0.8523206751054851,5.174194444503282
ID80108,80108,8,107.0,180.64052390150917,42.69256949364991,0.0,3.0,3,3.868761219980931,1,,1146.2056074766356,1108.0,442.0,3146.0,122644.0,371.8955203837055,0.28456824381058804,1.3655286909419118,-0.001529078729691668,-0.08533291967187115,4.910039280200181,3.1926884053565012,2.750628762947736,1.5379011844570898,47.021201749876795,33.14554833432187,0.5378400918267893,0.8953974895397484,4.833685008684836
ID80047,80047,8,162.0,181.67891069911366,43.314137375158786,0.0,11.0,11,4.760335304995916,1,,1099.2222222222222,1114.0,470.0,1910.0,178074.0,316.1343373546417,0.37479049297728495,1.8958146332732861,0.06613345889758011,-0.08467373955732709,6.053062070228532,3.796858179955632,2.2620356886977464,1.5942291714196353,71.19097835028072,42.426279368067185,0.4970097752714535,0.895027624309392,5.028314888455347
ID80142,80142,8,86.0,180.74382930715797,45.86404303579691,0.0,13.0,13,3.468400679730571,1,,1188.4883720930231,1214.0,467.0,1964.0,102210.0,313.6826325776551,0.2552821400286392,1.5410386837655123,0.03112788721031269,-0.0014262419894326285,4.079275262995595,2.972131016658506,2.6992672489671428,1.3725085604004845,37.792741593358905,29.168074096753926,0.5582166073347347,0.9052631578947368,4.744643164703809
ID80144,80144,8,142.0,181.2878604078318,44.95175624770318,0.0,15.0,15,4.456810916714974,1,,1000.4859154929577,1003.0,338.0,1718.0,142069.0,297.392944822178,0.3373052659916081,1.6970822069837292,-0.0721080443857051,-0.042346811825167065,5.102464171500514,3.9864573816513635,2.5314165340745003,1.2799495098043294,62.40196867740661,41.10045462221126,0.4642104402951691,0.865853658536585,5.202923976415981
ID79920,79920,8,107.0,180.58476491687153,45.92037804192932,0.0,16.0,16,3.86876121998093,1,,1042.7757009345794,1056.0,435.0,1871.0,111577.0,273.4372512065271,0.33088956064714736,1.8962878648395796,-0.04378283845133167,0.06702216782029873,4.386120905602523,3.4495032726632413,-0.23480192587939946,1.2715224653827193,47.02120174987677,33.145541303114115,0.5378403200122811,0.8953974895397488,4.833683983309026
ID79954,79954,8,93.0,180.57590476757522,43.61655159103491,0.0,1.0,1,3.6067954348950493,1,,1052.8924731182797,1035.0,551.0,1799.0,97919.0,269.1145490050817,0.23166922914185162,1.4718078037279425,0.25627078198525455,-0.7713782053816391,4.578974517837772,3.530838959285934,-0.8735538668496569,1.296851703132847,40.86889497886486,30.49389884260991,0.5523022961807699,0.9029126213592229,4.769979445551812
ID80055,80055,8,112.0,181.88658232211225,43.52115024914411,0.0,9.0,9,3.9581208349908352,1,,1244.8125,1272.0,487.0,2069.0,139419.0,302.0494420255199,0.4127287248591309,2.4080295862333396,0.08920690323211133,-0.26519347043709507,5.144459737536835,3.290352431859389,2.442558027848646,1.563498088449353,49.21845416809534,33.14554130311413,0.5629730452464997,0.9218106995884767,4.724557415971919
ID79994,79994,8,90.0,180.40791944583552,43.32477665311656,0.0,4.0,4,3.548144445887689,1,,1257.1222222222223,1217.0,590.0,2518.0,113141.0,352.34325793285245,0.23716344581850524,1.3679247446177119,0.22179940284722238,-0.16139167410190472,5.207758816375813,2.768497315182205,-0.4471728623561238,1.8810777918464663,39.55054352793376,34.4713660489701,0.4182590357008508,0.8108108108108105,5.48128351370572
ID80122,80122,8,99.0,180.94829347103754,45.620182272213675,0.0,12.0,12,3.7213252894327855,1,,1134.4141414141413,1081.0,587.0,2199.0,112307.0,319.2736977636806,0.25568783261804745,1.4469944352687054,-0.004778770154274231,0.04040908398576531,4.273479474630956,3.3307906180444027,-0.25728133394830305,1.2830225507060036,43.50559788072709,30.49389884260991,0.5879347023859806,0.9166666666666661,4.623175549209197
ID79936,79936,9,92.0,65.22481304069647,42.63512726942126,0.0,1.0,1,3.587351652089285,1,,1008.3804347826087,993.0,554.0,1661.0,92771.0,240.03909216384287,0.08349966388636368,0.6474830101672748,0.005825778024966692,-0.009671843108581142,3.8452177017272007,3.3040846291418244,0.006855618099523841,1.163777001294887,40.429444495221134,33.14552724069864,0.46244253670374164,0.8638497652582154,5.212859798539524
ID79970,79970,9,124.0,65.39844401635536,42.6720846706541,0.0,2.0,2,4.164768630497139,1,,1004.1370967741935,975.0,359.0,1761.0,124513.0,266.10311390610804,0.22217807072411208,1.3719546475245483,-0.03006456710962099,0.05441264107914731,4.393310651235991,4.031759996952986,2.179197019959804,1.0896756390648867,54.491859971819785,35.79716970120282,0.5343725179128862,0.895306859205776,4.849342678490925
ID80098,80098,9,147.0,65.8087092390344,42.55243522251929,0.0,3.0,3,4.534597084031827,1,,927.2176870748299,909.0,437.0,1832.0,136301.0,233.66316105819848,0.2120852522736139,1.3886690569311817,-0.052223161169005966,0.03247604213817644,4.827776168183607,4.25051392985626,-0.5895917472497896,1.1358099862401505,64.59922109562507,37.1229944470588,0.5890486225439443,0.924528301886792,4.618802153533245
ID79986,79986,9,113.0,66.59629431396877,41.563798709215554,0.0,4.0,4,3.9757517500242106,1,,985.6902654867257,1006.0,441.0,1849.0,111383.0,238.46844204385144,0.12395547996957999,0.9117088510738859,-0.0325019044945264,-0.005637128468852893,4.55633013005526,3.6187533231192446,1.7029850654554775,1.2590883443052303,49.657904651739,33.1455202094909,0.5680003132370826,0.907630522088353,4.703602845261285
ID80151,80151,9,117.0,69.48681488537441,40.66974169121795,0.0,8.0,8,4.045507101903139,1,,1002.2991452991453,1018.0,477.0,1694.0,117269.0,244.79721604222095,0.22067305976737198,1.4803719182501753,0.11681528357598113,-0.06872788289026993,4.796914484394552,3.7134120331746385,-0.5707774900818334,1.2917808316287527,51.41570658631384,34.47135198655461,0.5437371900405638,0.8999999999999997,4.807401700635555
ID79846,79846,9,95.0,67.51936968895986,40.51419816446124,0.0,5.0,5,3.6453718844644416,1,,995.2421052631579,984.0,500.0,1554.0,94548.0,231.86903474184837,0.22133082433301812,1.5556953953215698,0.01663788018452352,-0.1558531363961119,4.028904876622825,3.4930511696879813,0.04069381362257593,1.153405627602847,41.74779594615223,29.168074096753926,0.6166346243813923,0.9268292682926826,4.514305837401654
ID79882,79882,9,150.0,64.62953694465904,43.24817385182531,0.0,0.0,0,4.580634782953785,1,,1026.9133333333334,1024.0,428.0,1934.0,154037.0,272.78954044844915,0.23775629968518794,1.4462153334624819,-0.10176787829565015,0.0729818597063497,5.3402874577783175,4.006478151375764,-0.8230585272287603,1.3329131611374303,65.91757254655622,39.77463690756301,0.5235987755946171,0.892857142857143,4.89897948558358
ID80063,80063,9,110.0,69.54553439626255,40.73876250464532,0.0,7.0,7,3.922621276330976,1,,977.3454545454546,924.0,416.0,1932.0,107508.0,276.1861636604881,0.17882548050688699,1.0736335186516566,0.14726050103613844,-0.026345966505732944,4.4818840717560775,3.5213832072826743,2.470233242352033,1.2727623799894778,48.33955320080789,31.81970952605039,0.5999569303688328,0.9282700421940927,4.576620428394931
ID80165,80165,10,121.0,80.15213236311106,47.674651871359146,0.0,3.0,3,4.114079902636422,1,,1354.9421487603306,1343.0,470.0,2494.0,163948.0,420.70461326843605,0.4314022482812847,1.9413068331609964,-0.38395034022911906,0.04992765323058811,5.5436832911685,3.4124822327784194,0.01078100731514997,1.6245310343066228,53.17350852088872,34.47136604897008,0.5623260368866997,0.9063670411985018,4.72727465575659
ID79991,79991,10,124.0,79.4692937385041,47.67063129644476,0.0,2.0,2,4.164768630497139,1,,1364.008064516129,1310.0,631.0,2707.0,169137.0,420.2026707284002,0.38359349400193,1.799910236008211,-0.042916148265650815,0.1292721016494147,4.870207839046602,3.7229430601773226,0.09329743540790378,1.3081607105789674,54.49185997181981,34.47136604897008,0.5762680047433943,0.9084249084249082,4.669739757708745
ID80007,80007,10,125.0,80.22830702123657,46.780152243648295,0.0,4.0,4,4.181528330527616,1,,1357.936,1321.0,653.0,2285.0,169742.0,408.72667624094197,0.40874523713700295,1.927953515123599,-0.010273077578259298,0.24704716293655785,4.788174966093708,3.925826375274019,0.265244139526551,1.2196603997188995,54.931310455463546,34.47136604897008,0.5809153273622931,0.9259259259259257,4.651023290576807
ID80198,80198,10,137.0,81.93984031505457,47.206852642730425,0.0,8.0,8,4.377642788098355,1,,1387.2116788321168,1397.0,547.0,2191.0,190048.0,372.78365494213097,0.2935719981983241,1.689039838076246,-0.005687344093780185,0.007773294190441241,5.403150713053621,3.4822137236574924,-0.45306345424317396,1.5516424728171194,60.204716259188,38.4488262241225,0.5117692716000884,0.8896103896103901,4.955275774045259
ID79850,79850,10,107.0,81.32138137432499,45.80886066406111,0.0,5.0,5,3.868761219980931,1,,1357.252336448598,1313.0,509.0,2744.0,145226.0,440.41809238833514,0.41802029480772046,1.8169390659599,0.040829444219619676,0.04161652063937127,4.8571207088123085,3.2609879822897234,-0.2164742713063048,1.4894629281650558,47.021201749876795,33.145548334321845,0.5378400918267903,0.9067796610169493,4.833685008684832
ID79885,79885,10,137.0,79.1430275300006,48.88589916456581,0.0,0.0,0,4.377642788098358,1,,1376.029197080292,1371.0,362.0,2669.0,188516.0,436.6413075903419,0.3451110300707071,1.6170875436812324,0.05017293999946186,0.16009395063647083,5.624520444604006,3.5991720836194414,-0.0835375693494637,1.5627261808909703,60.204716259188054,38.44884028653797,0.5117688972475335,0.8925081433224759,4.95527758640609
ID79964,79964,10,140.0,79.88567602620067,46.7350744413504,0.0,1.0,1,4.425313625098866,1,,1428.4285714285713,1459.0,443.0,2769.0,199980.0,444.17369962301177,0.2919259412546428,1.4533518068627476,0.030864681837378987,0.0065605318239609035,4.835067915990501,4.318117664163456,0.6933255573080896,1.1197165737555679,61.523067710119136,34.471359017762325,0.6506254320650212,0.9333333333333336,4.394803021022498
ID80092,80092,10,134.0,81.43433261766891,46.95769308746677,0.0,7.0,7,4.3294470870878445,1,,1434.0149253731342,1423.0,550.0,2757.0,192158.0,471.29385155378424,0.31175445705706883,1.4462787853169818,0.024253060477615277,-0.027520316586013716,5.949163155099602,3.1942994187113327,-0.34188900785471016,1.8624312800018152,58.88636480825688,39.7746580011862,0.46774774341114933,0.8815789473684215,5.183213302310618
ID79982,79982,10,107.0,82.32504309782281,46.73197673640931,0.0,6.0,6,3.8687612199809305,1,,1340.0841121495328,1356.0,564.0,2234.0,143389.0,404.65585474935455,0.2812638959080846,1.453957209015597,0.09023154119888845,-0.13875695686448566,4.908917358086021,3.11225127914785,-0.5922767629549547,1.5772882449999692,47.02120174987678,34.471359017762325,0.49726372307826633,0.8806584362139922,5.02703076843093
ID80078,80078,10,58.0,82.77261042662786,47.50084846618958,0.0,9.0,9,2.848354461624879,1,,1314.103448275862,1380.0,680.0,2231.0,76218.0,315.73627067456107,0.22451717976210014,1.526229245675832,-0.017566686849469892,-0.027899178047624637,3.8640648622043954,2.10595513022915,-0.4413160045132305,1.8348277257853756,25.48812805133508,25.19061392160151,0.5047429953726529,0.8721804511278197,4.989646537753274
ID80160,80160,11,178.0,167.9104901451174,45.25284003002971,0.0,17.0,17,4.989879272177156,1,,1105.5674157303372,1108.0,416.0,1890.0,196791.0,319.2619816758116,0.40096935113493737,1.982214114979547,-0.270355378072874,-0.09112061950444907,5.769152656559248,4.665267446884637,-1.0875804982753607,1.2366177764174615,78.22218608858007,42.42627233685944,0.5460973414902965,0.905852417302799,4.797002014594353
ID80068,80068,11,180.0,168.09984638847254,44.532743904240036,0.0,11.0,11,5.017833996633137,1,,1167.1055555555556,1119.0,426.0,2212.0,210079.0,378.4321595878239,0.45172536483844006,1.919296663106939,0.01992593395079573,-0.029864922419216143,5.684453712312264,4.448436346936769,1.8496535679793202,1.277854344533136,79.10108705586745,42.42626530565168,0.5522334497163041,0.9160305343511459,4.770276770882239
ID79945,79945,11,116.0,168.57975938795545,44.51204387670339,0.0,1.0,1,4.028181510075818,1,,1331.103448275862,1345.0,508.0,2348.0,154408.0,398.6205208468073,0.3232920673996643,1.6316292839249162,0.005365226802798469,0.1926690224275688,4.649196424404986,3.6250343846141604,-0.1559796005997072,1.282524779389047,50.976256102670156,33.145541303114115,0.5830792254338749,0.9133858267716533,4.642384931635548
ID79849,79849,11,71.0,168.35173234175207,43.78933156126865,0.0,5.0,5,3.151441221675391,1,,1433.4507042253522,1408.0,708.0,2299.0,101775.0,337.46562951897755,0.22194523143675676,1.5430403701982778,-0.06824177219258169,-0.0708524612633318,4.3575098070922,2.294561231012632,-0.04438527588592425,1.899060155029792,31.200984338703293,31.81971655725816,0.38724475664439323,0.850299401197604,5.696553218118781
ID79976,79976,11,73.0,170.1051310915985,44.32408400820432,0.0,6.0,6,3.1955194633328317,1,,1399.4657534246576,1327.0,799.0,2390.0,102161.0,316.67316143303634,0.20168309945266352,1.4834078290966457,0.057604889480199005,0.020952740053479753,3.5772600165486814,2.926229520819076,3.125179469729214,1.2224810087854545,32.079885305990665,26.51643163624972,0.5733403552173398,0.884848484848485,4.681647129266782
ID80264,80264,11,115.0,168.61608539579566,46.93394709854733,0.0,14.0,14,4.01078107663391,1,,1270.7652173913043,1236.0,586.0,2499.0,146138.0,382.2527713904739,0.37483463238940296,1.8127333238372303,-0.05386657631780336,-0.2064855433220239,4.602872590490403,3.6798732422353617,2.4879737133342332,1.2508236799195722,50.53680561902644,33.14553427190637,0.5780529256332764,0.9126984126984123,4.66252453575183
ID79978,79978,11,114.0,168.18784703681004,44.49048831041124,0.0,2.0,2,3.9933048232325845,1,,1372.6140350877192,1371.0,457.0,2430.0,156478.0,384.22929429929377,0.362785378598521,1.9019989276210154,-0.06891917290948375,0.09686474905923635,4.3906969955991695,3.7198978070855664,3.1002369431925825,1.1803273163138734,50.09735513538275,31.819716557258133,0.6217732712318438,0.9344262295081969,4.495612889004216
ID79917,79917,11,155.0,166.91705864924742,46.288145566573334,0.0,16.0,16,4.656352884175157,1,,1107.316129032258,1125.0,347.0,1993.0,171634.0,340.6294356048854,0.40443836194717564,1.8722727037637679,-0.16089970296031164,-0.369138799165233,5.303028857563232,4.513982004958866,1.0732048630279527,1.174800619882302,68.11482496477485,41.100461653419,0.5067084058264307,0.873239436619718,4.979960265183096
ID79884,79884,11,117.0,167.83581462284315,45.423421445875306,0.0,0.0,0,4.045507101903139,1,,1412.5641025641025,1466.0,507.0,2599.0,165270.0,401.87117048350524,0.3381112241017192,1.7763096848195168,-0.09868918494030414,0.2816244724875528,4.826200992832835,3.6289068223571292,2.612982565509749,1.3299324642615133,51.415706586313824,33.14554130311407,0.5881057704807199,0.9397590361445781,4.622503106093083
ID80076,80076,11,83.0,168.355782035532,45.18961824987828,0.0,7.0,7,3.4073683356601427,1,,1335.9638554216867,1259.0,772.0,2346.0,110885.0,337.53097222954625,0.29757802865204436,1.8154255901351763,0.011558065273754305,0.05184186700410215,4.156906671680073,2.863109247313257,2.959924989008347,1.4518854548009006,36.4743901424278,30.493898842609894,0.49291495250541895,0.8736842105263161,5.0491577058769375
ID80177,80177,11,104.0,168.40523935343776,47.73581185096492,0.0,13.0,13,3.814140673458729,1,,1284.826923076923,1272.0,393.0,2296.0,133622.0,356.66947638481105,0.39105897273438633,2.0253747581767887,-0.12767688123973475,-0.09789622071878151,4.31986067228161,3.5081267593144543,2.197664088066482,1.231386711102133,45.70285029894563,31.81970952605039,0.567232006894169,0.9082969432314401,4.706787243332963
ID80180,80180,11,85.0,168.91007262204707,45.28837334683605,0.0,8.0,8,3.4481765966556046,1,,1372.9411764705883,1328.0,647.0,2438.0,116700.0,353.36893417709575,0.37892851110444026,2.135350109129555,-0.028368062102494703,-0.06714236994857063,3.924347885597415,3.0834856003247615,-0.6075658115890281,1.2726986256021728,37.353291109715144,30.493891811402165,0.5047926540281433,0.8808290155440404,4.989401105068648
ID80022,80022,11,131.0,169.26025228775038,45.224553113783514,0.0,10.0,10,4.280708794066388,1,,1340.1603053435115,1363.0,497.0,2459.0,175561.0,409.4970238793683,0.4785376680950977,2.118457383278383,-0.04821848917856927,-0.08469508415068329,4.582331102742892,4.07483771380167,0.2691308307251663,1.1245432148677525,57.568013357325775,34.47135901776235,0.608799511432269,0.925795053003533,4.543262021353681
ID80123,80123,11,117.0,167.75082585708685,44.77751025156029,0.0,3.0,3,4.045507101903141,1,,1434.6495726495727,1467.0,556.0,2287.0,167854.0,407.13806258335296,0.40161746669596776,2.01937611306178,0.023900423649200617,0.18822853884742313,4.71231663359708,3.623949641798498,2.7994398166227517,1.3003261908624222,51.41570658631388,34.47136604897004,0.5437367464111077,0.9105058365758759,4.807403661791004
ID80189,80189,11,167.0,167.15712589219902,46.21308333513348,0.0,15.0,15,4.833239015727525,1,,1171.4011976047905,1155.0,379.0,2195.0,195624.0,384.12027577780543,0.4475404871424125,1.885688871298947,-0.05157149431212159,-0.44622646419901857,5.48876475076773,4.737289385245142,1.411444884973144,1.1586298206445123,73.38823076849928,41.10046165341895,0.545937443696865,0.91008174386921,4.79770445210902
ID80060,80060,11,128.0,168.55582882276272,44.66348426221116,0.0,9.0,9,4.231409159996371,1,,1324.4921875,1315.0,530.0,2314.0,169535.0,411.7643618652102,0.44176618926644545,1.9711890503273404,-0.06329840564217595,-0.03273108598363181,4.787717269987784,3.8734924488676885,0.05254409484657385,1.2360208089181495,56.249661906394664,35.79717673241059,0.5516101243790523,0.9014084507042252,4.772971241774569
ID79999,79999,11,89.0,167.70193344352415,44.72772683406017,0.0,4.0,4,3.5283774706586617,1,,1436.258426966292,1458.0,562.0,2230.0,127827.0,396.5556400284915,0.31444949721702364,1.7328678907090602,0.07854857711783479,0.0062939172416936985,4.43828922002716,2.8481554085569556,-0.15449619383462593,1.5583030359554224,39.11109304429005,30.493898842609923,0.528547358710629,0.8989898989898988,4.87599193448763
ID80158,80158,11,121.0,168.37974272370795,47.033657356425735,0.0,12.0,12,4.114079902636422,1,,1234.2892561983472,1262.0,305.0,2077.0,149349.0,387.09554027433,0.3897935975573855,1.788599773172618,0.01722617625922551,-0.09485250850166481,4.318051627653603,3.957703353531067,0.1580031242863502,1.0910498442994807,53.17350852088871,35.797183763618335,0.5214437408602411,0.9063670411985015,4.909092355458603
ID79989,79989,13,167.0,65.21152372731122,53.290727003450776,0.0,1.0,1,4.833239015727523,1,,1154.0778443113772,1129.0,416.0,1979.0,192731.0,311.1686095066675,0.1116428122092345,0.7449632062302415,0.008486064954495658,-0.015697366072882253,5.3368422719277016,4.40975602542096,2.1059207759160214,1.2102352695165808,73.38823076849924,39.77462987635525,0.5829401762618458,0.9125683060109296,4.6429385744601275
ID80199,80199,13,111.0,65.30582700871601,54.424219971122845,0.0,3.0,3,3.9404110332497644,1,,1157.918918918919,1161.0,497.0,1961.0,128529.0,322.2137668503808,0.2516797583243957,1.4451705824798275,-0.04538037146958592,-0.01308229514108313,4.924949709699868,3.247340672109618,-0.021010457220161125,1.5166101148545033,48.77900368445154,33.14554833432183,0.5579462634838659,0.9098360655737706,4.745792495606823
ID80247,80247,13,117.0,67.53773919061128,53.24801231736741,0.0,8.0,8,4.045507101903138,1,,1159.7777777777778,1154.0,390.0,1847.0,135694.0,295.0542063322086,0.36766630765067326,2.113375428710034,-0.06813995002479495,-0.007506841893314734,4.3459077582536745,3.8219020286640504,-0.6292313644787209,1.1371060078619522,51.41570658631382,35.79717673241058,0.5042061293152275,0.8796992481203,4.99230225633348
ID80027,80027,13,143.0,66.03163524465867,53.76978906365311,0.0,4.0,4,4.472476381243592,1,,1110.4265734265734,1072.0,485.0,2094.0,158791.0,312.7595595753735,0.23612156702841344,1.3563873226476546,-0.03463301115272631,-0.01698311492233257,4.853833202698927,4.117333791366852,-0.16984644138704957,1.1788777516353792,62.84141916105019,37.12300147826652,0.5730198715337469,0.9225806451612901,4.6829561430221
ID80155,80155,13,101.0,66.90820524384031,52.85549532704058,0.0,7.0,7,3.758726483349923,1,,1176.3564356435643,1132.0,650.0,1922.0,118812.0,275.889455549081,0.2843121177326533,1.887811452085847,-0.003940629371373847,-0.07309919859138851,4.535225587862327,3.1143714293964337,-0.4652924153727568,1.4562250170466198,44.38449884801449,33.1455413031141,0.5076810497312187,0.8820960698689951,4.975187534157155
ID80026,80026,13,133.0,64.93052242205131,54.44824328878658,0.0,2.0,2,4.313262181511967,1,,1080.2105263157894,1061.0,487.0,2000.0,143668.0,317.5895257373175,0.18864333178785736,1.0795981455065047,-0.025504663020008984,0.023634962587776163,5.075503386497489,3.6712009134861647,-0.03612734748461807,1.3825185562175624,58.44691432461313,37.123008509474275,0.5329483499620231,0.8986486486486485,4.855817668764636
ID79997,79997,13,132.0,67.24040728130895,54.12249057107575,0.0,6.0,6,4.297016315192361,1,,1094.8939393939395,1095.0,503.0,2149.0,144526.0,307.3147988819341,-0.1403820618074729,-1.163656286601794,-0.06335188439438627,-0.0037979354507039847,5.7119785761325,3.3767440061599414,-0.504493031136091,1.6915639935134452,58.00746384096945,38.4488262241225,0.4930915609577494,0.888888888888889,5.0482534075080965
ID79852,79852,13,114.0,66.95996468654158,52.48609952813577,0.0,5.0,5,3.9933048232325814,1,,1115.2280701754387,1095.0,510.0,1886.0,127136.0,315.54372332370383,0.2683888365540512,1.4957058029227022,-0.023206405089735618,-0.005946487052430531,4.611747661110653,3.4958380049903353,-0.3881449802059613,1.319210917247123,50.09735513538267,34.471359017762325,0.5297949946815167,0.9011857707509877,4.870247213638213
ID79887,79887,13,138.0,64.65317121186732,55.06466834424855,0.0,0.0,0,4.393590537774495,1,,1074.7753623188405,1047.0,357.0,1671.0,148319.0,257.10070786968686,0.181955593739803,1.2870892902493127,-0.052679318415025975,-0.05152963753904523,4.839045926617211,3.934345149844772,0.29848465851752554,1.2299495195046966,60.64416674283168,38.4488262241225,0.515504813728556,0.8961038961038957,4.9372892327548765
ID80097,80097,14,78.0,80.88380837379262,56.55122482865126,0.0,10.0,10,3.303142716822749,1,,1407.474358974359,1431.0,557.0,2380.0,109783.0,420.4833867761942,0.21909540370096026,1.2031429171751007,0.04946018587795094,-0.036004948017578614,4.118493137308476,2.749898965459751,0.8521830808399842,1.497688892951713,34.27713772420927,29.168067065546197,0.506289725161738,0.8813559322033899,4.982018950253733
ID80163,80163,14,76.0,81.55566693258943,57.0363291847696,0.0,11.0,11,3.2605197347716026,1,,1249.078947368421,1225.0,347.0,2655.0,94930.0,428.9499664112477,0.22769315151343195,1.0801234156862394,0.18530895646940587,-0.05744126194972921,4.12724645986338,2.848620115728043,0.7427296441839735,1.4488581461163166,33.39823675692183,26.51642460504199,0.5969026041778644,0.9212121212121217,4.5883146774273635
ID80005,80005,14,116.0,79.72092760642578,56.58155686522469,0.0,6.0,6,4.028181510075818,1,,1574.4137931034484,1621.0,598.0,2936.0,182632.0,509.59972474508834,0.2693678507657307,1.3112272408735377,-0.07367174682247758,0.05228927478982305,4.6811910078635925,3.542205911128408,0.3714893629545508,1.3215468341794814,50.97625610267015,35.79718376361829,0.49989647884122396,0.885496183206107,5.013775607990954
ID80038,80038,14,114.0,76.967615509428,58.16734473520261,0.0,2.0,2,3.993304823232584,1,,1611.719298245614,1556.0,518.0,2596.0,183736.0,470.197595608822,0.2946388284067292,1.5602002693982455,0.01706978848783223,0.01982474969434973,4.77818467044553,3.3675880077640152,0.5413083297093944,1.4188744761619791,50.097355135382735,33.14553427190637,0.5730263784538567,0.9193548387096773,4.682929554623074
ID80262,80262,14,60.0,82.17903716397215,57.352664639491216,0.0,15.0,15,2.8970478087049973,1,,1169.0166666666667,1140.0,472.0,1782.0,70141.0,326.89253361169546,0.3152809202087487,1.7144501687308216,0.08147358297805886,-0.1197878032409128,3.5074629001432425,2.6210292628012684,0.9087725665220637,1.338200587808235,26.36702901862248,23.8647821445378,0.5817764173273525,0.9022556390977438,4.64758001546524
ID80205,80205,14,85.0,82.14654145941904,57.36111347787034,0.0,13.0,13,3.4481765966556073,1,,1291.4352941176471,1236.0,595.0,2227.0,109772.0,386.929870816369,0.38654655082406536,1.860962989748415,-0.004409187928470752,-0.010554298001964816,4.102729665154277,2.9671987334273653,0.6381982331249993,1.3826945997699578,37.3532911097152,30.493891811402165,0.5047926540281441,0.8762886597938141,4.989401105068644
ID79854,79854,14,112.0,79.07005705307981,56.157850341885755,0.0,5.0,5,3.958120834990834,1,,1566.5267857142858,1586.0,624.0,3113.0,175451.0,515.5693950166782,0.30554873624117657,1.4222243006527362,0.023654229982724533,-0.02164721725976202,4.822461313294697,3.199571164220965,0.713214967427024,1.5072211448901702,49.21845416809531,34.471351986554595,0.5205005579875487,0.9032258064516129,4.913538149137227
ID80206,80206,14,82.0,82.31431440429986,56.4766009422704,0.0,12.0,12,3.3867798188585168,1,,1237.4268292682927,1190.0,499.0,2527.0,101469.0,415.9528709796845,0.32064993174457024,1.4446040761141403,-0.033516230079048935,-0.20553008946175078,4.340614110081233,2.839320472024525,0.9248602805757684,1.5287510349214783,36.03493965878408,29.168067065546197,0.5322533008110576,0.9010989010989011,4.858987147310328
ID79889,79889,14,129.0,77.0417232165605,58.58264320538678,0.0,0.0,0,4.247905944431118,1,,1557.3410852713178,1563.0,564.0,2613.0,200897.0,434.1474853110842,-0.031580959548849374,-0.23395829552576547,0.04212644704673853,0.03183415713399699,4.647944895139479,4.03505164620077,0.5432518762789147,1.151892293501567,56.689112390038346,35.79717673241055,0.5559195784757649,0.905263157894737,4.754435361103282
ID80274,80274,14,111.0,80.21239712428498,56.53836173231814,0.0,8.0,8,3.940411033249766,1,,1668.5855855855855,1609.0,357.0,2909.0,185213.0,507.27061933930406,0.2681894930446433,1.3912218268796575,0.014055438600510473,-0.030062780105476635,4.587414351168419,3.3988237393228142,0.33131372972262096,1.34970645817674,48.77900368445159,34.47135901776231,0.5158530211372672,0.8740157480314964,4.935622584661401
ID80213,80213,14,118.0,77.36973898274674,58.56631218308333,0.0,3.0,3,4.062758809599798,1,,1594.2033898305085,1628.0,494.0,2748.0,188116.0,450.58001669115583,0.4348870065384128,2.1446702444439416,0.001992021248219836,0.0676370720626002,4.844734924096777,3.4582705631311357,0.49789418404781727,1.4009126341203129,51.85515706995754,34.471359017762325,0.5483842927405178,0.9111969111969113,4.7869889895020075
ID80053,80053,14,123.0,78.27755532037435,57.64073356976751,0.0,4.0,4,4.147941213679503,1,,1637.2276422764228,1611.0,561.0,2629.0,201379.0,463.942474758864,0.17913491519881342,1.0722391799998934,-0.08068460532135575,-0.05433688135627017,4.955849303220559,3.550758962915449,0.8453809430906296,1.3957154949068753,54.05240948817612,34.471351986554595,0.5716211485041831,0.9179104477611939,4.68868210028713
ID80086,80086,14,84.0,80.21239712428522,56.836542743431394,0.0,9.0,9,3.427833194350536,1,,1452.297619047619,1433.0,524.0,2931.0,121993.0,498.8224876758567,0.21414932402060843,1.0270325371235929,0.009092332660095992,-0.09258730982048641,4.294538042348644,2.75571673474899,0.7280504130409489,1.5584105536666564,36.91384062607147,30.49389181140218,0.49885391692192976,0.8659793814432983,5.019012054081295
ID79995,79995,14,126.0,77.08723879476737,58.14657691385712,0.0,1.0,1,4.198221124766667,1,,1640.095238095238,1709.0,664.0,2724.0,206652.0,480.3205501091358,0.3276608427294371,1.6854089377801518,-0.02783707727084593,0.07812146410510583,5.0864516282456345,3.5199849871524,0.6428107590993432,1.4450208301486183,55.37076093910722,34.471359017762325,0.585562888858519,0.9298892988929892,4.632529138073316
ID79931,79931,14,60.0,82.63202728547195,56.800240591720474,0.0,16.0,16,2.8970478087049973,1,,1146.7166666666667,1109.0,461.0,1939.0,68803.0,355.11001358932765,0.22040792058456565,1.1663942797076587,0.018831861200380988,-0.06279896965974882,3.408524906567684,2.436089022690266,0.5975378646837917,1.3991791247445957,26.36702901862248,25.190606890393767,0.5221482177317005,0.88235294117647,4.905779589864448
ID80186,80186,14,99.0,79.01379798535616,56.186547695017026,0.0,7.0,7,3.7213252894327855,1,,1666.0707070707072,1641.0,523.0,2955.0,164941.0,512.4166682381345,0.2421672844267719,1.2677556681374387,-0.018459449279706185,-0.05480246147768093,4.60494598598643,2.9768608377184775,0.528794504222871,1.5469134222329814,43.505597880727095,31.819716557258133,0.5399609987013376,0.8959276018099548,4.824182579261556
ID80286,80286,14,96.0,82.9192893137415,55.67053341403115,0.0,14.0,14,3.664507826363028,1,,1373.09375,1338.0,520.0,2374.0,131817.0,386.7879897478177,0.09364015045115405,0.6079178038995174,0.009696728326520356,-0.09576129309016793,3.931555236669569,3.3971783587814017,1.225807501170148,1.1573002125445817,42.18724642979597,30.493884780194435,0.5701190251097898,0.9142857142857143,4.69485479908668
ID80129,80129,15,167.0,58.7253032640517,60.979675845587245,0.0,10.0,10,4.833239015727524,1,,3576.9640718562873,4095.0,972.0,4095.0,597353.0,852.5022339808587,0.5413331334752193,2.947251133355077,-0.2051253411875058,-0.024234656286803,5.334605090599903,4.774508389235526,1.1080201289329241,1.1173098161534611,73.38823076849927,41.10045462221123,0.5459376304879809,0.8906666666666668,4.797703631348007
ID80258,80258,15,166.0,54.91789730425082,62.237557478291144,0.0,3.0,3,4.818746512291211,1,,3699.2710843373493,4095.0,1275.0,4095.0,614079.0,760.0113667459555,0.6047748227748583,3.6686448116500325,-0.31377568480573587,0.2608764000418498,5.27343362353625,4.808141538408769,1.5591443712863093,1.0967717113588689,72.94878028485552,42.42627936806721,0.5092816215744514,0.8512820512820507,4.967363364537996
ID80100,80100,15,177.0,55.93931752571977,62.02879375707369,0.0,4.0,4,4.975843015758352,1,,3722.322033898305,4095.0,1187.0,4095.0,658851.0,779.7846681356799,0.5954568719125036,3.563153150408642,-0.37247169302101074,0.12831771307751605,5.761229004868112,4.6769436246419565,1.4435807418431106,1.2318363160319605,77.78273560493636,41.1004475910035,0.5786287045414205,0.9076923076923075,4.660204177776008
ID80009,80009,15,208.0,53.94768142573074,62.26243959944191,0.0,1.0,1,5.394009469204187,1,,3656.125,4095.0,1103.0,4095.0,760474.0,775.0924792882946,0.6066047951983213,3.5620030617126885,-0.3063266750810595,-0.052357225255037165,6.097644879601689,5.199646765142158,1.2900693207986287,1.1727036768112036,91.40570059789131,47.7295642890756,0.5042062283503724,0.8702928870292888,4.992301766044612
ID80299,80299,15,166.0,58.00483263119904,62.16567579496734,0.0,8.0,8,4.818746512291213,1,,3700.367469879518,4095.0,1246.0,4095.0,614261.0,775.458076096875,0.5856079041539366,3.5247446056188965,-0.39647078352833826,0.023745478839487827,5.46164968159452,4.7096093256732345,1.5254112877958177,1.1596821103231916,72.94878028485557,39.77462987635528,0.5794495165237503,0.8972972972972972,4.656902331024893
ID80204,80204,15,162.0,58.54907550526914,61.155388103141455,0.0,11.0,11,4.760335304995917,1,,3555.543209876543,4095.0,916.0,4095.0,575998.0,830.2851347299984,0.5356619729494262,2.987472254490329,-0.19688695762416716,0.239676981934015,5.083090531706166,4.842105726305137,2.4893221010018936,1.049768596355065,71.19097835028074,39.77464393877074,0.5654864777131087,0.9204545454545454,4.714046041257717
ID80236,80236,15,152.0,58.38426273938772,61.192593270491244,0.0,13.0,13,4.611071229299128,1,,3299.532894736842,3657.0,869.0,4095.0,501529.0,914.0214390066296,0.5355290065970882,2.517972889550333,-0.2031675836908209,0.18119359329842424,5.153086942973763,4.374571669723088,2.800288138510516,1.1779637715479365,66.79647351384368,38.44882622412251,0.5678024035271055,0.9101796407185629,4.704422503268277
ID79856,79856,15,164.0,57.20448720534658,61.46054375373892,0.0,5.0,5,4.789629952601206,1,,3770.506097560976,4095.0,989.0,4095.0,618363.0,710.4391409323732,0.5990097670797428,3.976358659154229,-0.29565656788632394,-0.06447788841069228,5.665984093433074,4.4474893629288115,1.4853138468401696,1.2739736132166588,72.0698793175681,38.44880513049928,0.6126295812647407,0.9239436619718308,4.529037852434564
ID80016,80016,15,181.0,57.77226392577932,62.37203226646264,0.0,6.0,6,5.031753119062912,1,,3673.3591160220994,4095.0,999.0,4095.0,664878.0,813.5943558523289,0.5451177321912922,3.185768321602351,-0.8877463077185993,0.1817573729373059,5.869079839778052,5.3145170073164705,-1.031160045530505,1.1043486796068425,79.54053753951119,39.77462284514753,0.6318096359729611,0.9526315789473683,4.459763300738421
ID80240,80240,15,165.0,58.96304233388568,60.573799041671016,0.0,12.0,12,4.804210290597894,1,,3525.2060606060604,3991.0,950.0,4095.0,581659.0,822.1240522452325,0.5565100044107137,3.066183972614438,0.0016933450270270364,0.19542456678752543,5.210383064654576,4.660741163223503,0.20364946234096118,1.1179301493436562,72.50932980121189,37.123001478266545,0.6611767748466311,0.9455587392550145,4.359594913040197
ID79890,79890,15,243.0,53.95506548053383,61.710540170900714,0.0,0.0,0,5.830196250898063,1,,3611.374485596708,4095.0,820.0,4095.0,877564.0,853.0716859266797,0.5855306781589819,3.126741646462642,-0.2256013389297544,-0.2186337090307257,6.932866101736277,5.361117995005921,1.2971023973482876,1.2931754362046306,106.78646752542105,50.38120674957979,0.5286752180172799,0.8804347826086956,4.87540227317398
ID80276,80276,15,153.0,57.89434723571041,60.70165419026682,0.0,15.0,15,4.626214361127487,1,,3312.1307189542486,3955.0,750.0,4095.0,506756.0,1030.1608567087344,0.48718987993740026,2.1065135516357727,0.012854362520267502,0.17465804217632686,4.994798247609704,4.48187632943775,-0.3085372766168172,1.1144435679322504,67.23592399748738,38.44881919291478,0.571538154692026,0.9216867469879516,4.689022512797431
ID80310,80310,15,201.0,59.0915471927896,59.35178008161593,0.0,14.0,14,5.302468115872094,1,,3576.6417910447763,4095.0,847.0,4095.0,718905.0,794.9453069518556,0.5530426085146285,3.204375583957297,-0.27413291168071485,0.6839972449596033,6.689510562236297,4.87611766226158,2.110375121671711,1.3718927691202703,88.32954721238538,43.75211114513091,0.5798529099446077,0.9220183486238533,4.655282186877745
ID80057,80057,15,168.0,54.47324588256479,62.08457119724819,0.0,2.0,2,4.847688193003218,1,,3648.2976190476193,4095.0,1177.0,4095.0,612914.0,790.2756705374384,0.5939055799509756,3.4403011303162723,-0.11851684053331998,-0.07643824983127664,5.418258509277991,4.483239007208584,1.1338499227244123,1.2085589237080585,73.82768125214295,39.77463690756301,0.5864306286659711,0.8983957219251337,4.629100498879033
ID80219,80219,15,155.0,57.34833553929893,61.80876649063276,0.0,7.0,7,4.6563528841751545,1,,3759.690322580645,4095.0,1242.0,4095.0,582752.0,736.960593562628,0.5960047298891494,3.81024881194304,-0.29633242148704786,0.046741632125124,5.097458397921122,4.563233705875908,1.5030617710278174,1.117071516928294,68.11482496477475,37.12298741585106,0.6211059257161625,0.9281437125748504,4.498027389929616
ID79932,79932,15,180.0,58.17424357094705,59.234589228894976,0.0,16.0,16,5.017833996633137,1,,2893.45,3100.0,740.0,4095.0,520821.0,1008.0200033208533,0.4085439575249051,1.6651187603167752,-0.005758057321777633,0.22927805449847188,5.899660457192113,4.657113804934408,2.5392866467738586,1.2668061602748841,79.10108705586744,41.100468684626705,0.5884353667248611,0.9160305343511447,4.621208339366372
ID80191,80191,15,148.0,58.300455716423556,60.20824905507301,0.0,17.0,17,4.549994741529049,1,,3193.0067567567567,3588.0,974.0,4095.0,472565.0,961.2038122383399,0.504709565143741,2.2284515812827803,-0.045796922837243244,0.23262300900519353,5.150701770378174,4.297118253692451,2.686167254991982,1.1986409184695468,65.03867157926881,37.123008509474275,0.5930553067246579,0.9249999999999999,4.603173388275527
ID80094,80094,15,156.0,58.20455623073469,61.4720482695554,0.0,9.0,9,4.671349228584641,1,,3579.858974358974,4095.0,737.0,4095.0,558458.0,852.3698383177239,0.5603910307782644,3.0166544854921384,-0.14800211355720685,0.02716232260673571,5.033386311644152,4.658556964104295,1.2989871850150947,1.0804603980219711,68.55427544841848,38.448812161707025,0.5827449983115078,0.9176470588235295,4.64371603576124
ID80036,80036,16,115.0,47.50487708956104,63.67383685219288,0.0,1.0,1,4.010781076633908,1,,1715.4347826086957,1655.0,543.0,3185.0,197275.0,532.462866350993,-0.21749439220739317,-1.7909171148902914,0.0703341412528562,0.03569526384983821,4.902681795287392,3.307107805456213,1.3299652470801517,1.4824680910609356,50.5368056190264,33.14551317828314,0.5780536613729483,0.9236947791164661,4.662521568548615
ID80071,80071,16,110.0,48.05512056116103,63.13905543804281,0.0,2.0,2,3.922621276330977,1,,1625.8181818181818,1629.0,619.0,2799.0,178840.0,441.45111383359404,-0.16897010534554405,-1.497657765361638,0.15306283283429423,0.08304287733982058,4.517513285648323,3.4825662965272044,1.1444715611417113,1.2971794076549703,48.33955320080792,31.819702494842673,0.599957195514132,0.9282700421940926,4.576619417098179
ID80296,80296,16,125.0,51.26699127275848,58.13975842275403,0.0,14.0,14,4.181528330527616,1,,1318.008,1348.0,398.0,2042.0,164751.0,334.3996907314514,-0.31986799682654565,-3.7073172734663555,-0.022772581150250177,-0.11591094074134985,4.372637034831807,4.1704926525919195,-0.42351229670046364,1.0484701446756552,54.931310455463546,35.79717673241058,0.5386817620889189,0.8833922261484097,4.829907305756749
ID80203,80203,16,141.0,50.273205700134156,60.508063785541395,0.0,7.0,7,4.441090194301138,1,,1472.4255319148936,1485.0,438.0,2763.0,207612.0,446.98049228833486,-0.18699531253355695,-1.5153481957126553,0.3802928786959767,-0.09719490071016557,4.985748812927126,4.271916679501137,0.05858191666342741,1.1670987959225243,61.962518193762875,37.1229944470588,0.5650058216237838,0.9155844155844157,4.716050757989085
ID80269,80269,16,116.0,48.809780837740384,63.05063295566317,0.0,3.0,3,4.02818151007582,1,,1673.646551724138,1665.0,843.0,2581.0,194143.0,437.43062564122744,-0.16522183590127798,-1.5145406008596123,0.04615911631074262,0.15816511931538327,5.07672532407603,3.2819290368328082,1.3315900339529279,1.5468723629001044,50.97625610267019,33.14551317828317,0.5830802149501042,0.9243027888446217,4.6423809924544
ID80109,80109,16,141.0,51.54731387788933,59.9767964034305,0.0,10.0,10,4.441090194301139,1,,1372.787234042553,1334.0,570.0,2332.0,193563.0,382.28153067210707,-0.22116643788623214,-2.0395036002746174,0.16410868937582765,0.0076811663749566115,4.962848176545547,4.15737103794081,-1.3584101656209207,1.1937467527564483,61.96251819376289,35.7971626699951,0.6076335050366938,0.9245901639344264,4.547619033923715
ID79855,79855,16,132.0,50.768039226734736,61.01272505780812,0.0,5.0,5,4.297016315192364,1,,1550.0833333333333,1562.0,664.0,2576.0,204611.0,443.05039159343283,-0.15047941754426203,-1.2394674142622362,0.17854241840813087,-0.024859169446843087,5.170731986065787,3.7165637051976677,1.4463157185488622,1.3912668788199283,58.00746384096951,35.797155638787345,0.5688486111581382,0.9263157894736845,4.700094402861843
ID79893,79893,16,131.0,47.36534206569397,63.568405081721366,0.0,0.0,0,4.280708794066386,1,,1637.0916030534352,1633.0,603.0,2773.0,214459.0,455.2354834483877,-0.17276553413452264,-1.5020879333294603,-0.02726197528983528,0.08672642835371626,5.731459444742415,3.324432775627883,1.414201081660528,1.724041312178412,57.568013357325725,34.47133089293138,0.6088005048601345,0.9357142857142858,4.543258314552441
ID80084,80084,16,139.0,49.2462817471538,62.1369748350784,0.0,4.0,4,4.409480609669765,1,,1591.68345323741,1600.0,604.0,3419.0,221244.0,452.09438600214384,-0.12607654643495417,-1.0158240534883007,0.1542527655434224,-0.0041658967081297385,5.368585192779297,3.7963026147387935,1.2049890032063617,1.414161550751055,61.083617226475454,35.79715563878737,0.5990148253862203,0.9328859060402681,4.580217971194166
ID80184,80184,16,134.0,51.044252715454796,59.80031542786497,0.0,11.0,11,4.329447087087846,1,,1348.4626865671642,1354.0,546.0,2495.0,180694.0,414.01982547997926,-0.22702631899180672,-1.913195241111289,0.040739569817238905,0.11271646169034993,4.841699146171694,3.9987607840365818,2.253255164546615,1.210799897183197,58.88636480825692,34.47135198655461,0.6227417390208171,0.9273356401384083,4.492115813038866
ID80216,80216,16,132.0,50.928745256535116,59.1244392217935,0.0,12.0,12,4.297016315192363,1,,1287.6060606060605,1308.0,318.0,2467.0,169964.0,392.6967782623702,-0.17807725247601405,-1.420800547613533,-0.0705720459803739,-0.07361662163721797,4.553311750809278,3.899969881624753,-0.6155333276318703,1.1675248499386712,58.00746384096949,37.12300147826653,0.5289414198773051,0.907216494845361,4.874175289960081
ID80090,80090,16,134.0,51.35097336561496,60.423647636990005,0.0,9.0,9,4.329447087087846,1,,1442.3955223880596,1471.0,418.0,2608.0,193281.0,415.9649894654636,-0.12347126960326679,-0.97691626508011,0.2361365867600454,-0.02399959681187237,4.56105043277634,4.313824176219982,-1.0133319181956817,1.0573102301941735,58.88636480825692,35.79716970120283,0.5774670758090866,0.9115646258503401,4.664889040021704
ID80285,80285,16,123.0,51.06581084140399,60.9444988505783,0.0,15.0,15,4.147941213679503,1,,1302.5691056910568,1242.0,604.0,2282.0,160216.0,389.1157921409204,0.1217319171682137,0.7265529939801195,0.21697287627006367,7.571088012702857E-4,5.151463333074043,3.511214430869749,1.1232995065871436,1.4671457509924832,54.05240948817611,41.10046165341896,0.40209763817194216,0.7859424920127794,5.59035221313883
ID80284,80284,16,146.0,50.785444460270206,60.86048166830397,0.0,8.0,8,4.519146963872488,1,,1425.0342465753424,1473.0,396.0,2593.0,208055.0,465.5628764437,-0.22285409276126578,-1.755476437384008,-0.18477722422466306,-0.5160973331365442,5.353076028202947,4.210657709648914,1.1399075864242127,1.2713158839618166,64.15977061198141,38.44881919291477,0.5453893502289925,0.921135646687697,4.800114592813592
ID80030,80030,16,128.0,51.17372778829207,62.3237905393623,0.0,6.0,6,4.231409159996371,1,,1540.5859375,1524.0,713.0,2430.0,197195.0,381.65810084737,-0.05521182470285271,-0.47177952779917703,1.0087724374382199,0.036271301898550566,5.307405577519019,4.491947901182005,1.390428312531323,1.1815376523228232,56.24966190639468,34.47133089293139,0.5948585085656278,0.9446494464944651,4.596191265237169
ID80222,80222,16,101.0,50.88672898327351,59.85870078015731,0.0,13.0,13,3.758726483349925,1,,1332.019801980198,1357.0,511.0,2516.0,134534.0,354.51239696794863,-0.28691673783242466,-3.0236038658900055,0.02907925054825227,-0.10650230513796796,4.47520089572484,3.2359677553162034,3.041493632131707,1.3829559606620816,44.38449884801453,31.819723588465877,0.5508690582541345,0.8977777777777778,4.77618062381103
ID80112,80112,17,183.0,88.16010065545503,67.13491722834844,0.0,2.0,2,5.059476486560978,1,,1340.9945355191257,1335.0,557.0,2359.0,245402.0,325.31417607720164,-0.08640721508989482,-0.77974277975158,-0.1548777145910536,0.0755802740399039,6.31667264456848,4.164425799964108,-0.7006527826168383,1.5168171911294281,80.41943850679861,43.75209708271545,0.5279261230435198,0.9127182044887777,4.878859996287232
ID79858,79858,17,171.0,86.88028765900168,68.06251934526112,0.0,5.0,5,4.890779602157403,1,,1485.345029239766,1454.0,572.0,2709.0,253994.0,384.3296275432055,-0.03199101251263915,-0.25544774542137294,-0.04399259922547258,0.009241262420681814,6.637259968776393,3.5556003757768724,-1.0162245114345532,1.866705835108424,75.14603270307408,45.07790776615592,0.4647168502902619,0.8837209302325584,5.200088345541678
ID80052,80052,17,136.0,89.16171415881355,66.68570644890562,0.0,1.0,1,4.361636727967785,1,,1562.7573529411766,1566.0,707.0,2840.0,212535.0,435.30863459497465,0.10659929861444735,0.691652930728714,0.03181282162319259,-0.11763512785655342,4.446539529887933,4.293967588249267,2.9776469615403904,1.035531693824655,59.765265775544336,35.79717673241058,0.5860857571527437,0.9127516778523488,4.6304622536169475
ID80119,80119,17,144.0,88.4067306229803,66.85712038137659,0.0,4.0,4,4.488087166512457,1,,1616.1805555555557,1615.0,430.0,2922.0,232730.0,424.72950919721364,0.2595573168415129,1.5682770179865788,-0.385779585355584,0.18220881811043627,6.073836758457072,3.7087856915510646,2.1155087613006875,1.6376887918581542,63.28086964469394,42.42626530565174,0.4417867597730419,0.8445747800586504,5.333331565590446
ID79896,79896,17,181.0,89.34300787406171,64.9357681787654,0.0,0.0,0,5.031753119062911,1,,1405.5414364640883,1405.0,614.0,2399.0,254403.0,336.2050212727886,0.16317308775790781,1.1729341749372917,0.09941453754668442,-0.3045737159043336,6.16120454047604,4.489911755560528,1.7724488911420069,1.372232880266678,79.54053753951118,41.1004475910035,0.5917050594463112,0.9211195928753175,4.608422524178442
ID80280,80280,17,126.0,89.43529704287882,66.38558699774288,0.0,3.0,3,4.198221124766668,1,,1436.8412698412699,1466.0,496.0,2779.0,181042.0,369.9255149393923,0.31279337483743486,1.8509115765729829,-0.007842771536622927,0.01412444667402308,4.343901754378731,4.057861836800189,1.414609517286221,1.070490304767029,55.37076093910725,35.79716970120283,0.5429914294921262,0.8967971530249107,4.810701881986379
ID80320,80320,18,226.0,78.71057794313954,69.92808477259696,0.0,8.0,8,5.622562045512805,1,,2816.6769911504425,2710.0,1082.0,4095.0,636569.0,919.2972567742634,0.28067114365269175,1.3429851728105389,0.01353237797047216,-0.04458258487749908,7.861781358454406,4.1005931508280264,1.8000030994215488,1.9172302809087238,99.315809303478,50.38118565595656,0.4916901206598174,0.902195608782435,5.055442683208996
ID80099,80099,18,164.0,78.99975253966248,67.89965234957694,0.0,9.0,9,4.789629952601209,1,,3037.006097560976,3149.0,730.0,4095.0,498069.0,864.905402798949,0.27837816530917825,1.5292654381783204,0.4473890774078655,0.005277541772668428,5.690945700937521,4.625205857329682,-1.5127863488929734,1.2304199805331764,72.06987931756821,39.7746158139398,0.5724686018427748,0.9187675070028013,4.685210371972784
ID80227,80227,18,219.0,78.09955312289942,68.13734419345134,0.0,11.0,11,5.5348020670677,1,,2480.8812785388127,2390.0,829.0,4095.0,543313.0,944.7792492837978,0.3335638747090842,1.3136232278396056,0.2887012339726168,0.04110797386811321,6.285402035863403,5.217830963282131,-1.1803286855542348,1.2046005476401533,96.23965591797213,47.72955022666012,0.530871293629133,0.9144050104384134,4.865307691042262
ID80194,80194,18,176.0,77.08239609074589,66.71273682343656,0.0,17.0,17,4.9617670525770485,1,,1848.9261363636363,1794.0,558.0,3600.0,325411.0,740.7245797760563,0.3673302542118094,1.3411460570364326,0.0033753116031521547,0.004695454689262461,5.57266869787139,4.418411159970466,-0.6633136372981088,1.261238145593639,77.34328512129265,42.42628639927496,0.5399610583589753,0.9048843187660666,4.824182312761463
ID80324,80324,18,212.0,78.00164689947377,66.02509680376687,0.0,14.0,14,5.445627960813389,1,,2482.2924528301887,2488.0,923.0,4095.0,526246.0,835.78339068882,0.2815873584754511,1.3051311196004745,0.009323369985724436,0.15701226495517515,7.155559350716388,4.278046877799286,2.0657196419377044,1.6726229410551368,93.16350253246611,51.70701040181255,0.43788171951842386,0.8653061224489796,5.3570601728621865
ID80295,80295,18,193.0,77.40961735066303,70.7457706440662,0.0,3.0,3,5.1958749650452365,1,,2771.336787564767,2668.0,948.0,4095.0,534868.0,1038.4908649614472,0.2996644626348443,1.2306105121467883,0.05327261801050717,-0.0460582825527676,6.221421061213631,4.400498928405403,2.3837206724233053,1.413799017437341,84.81394334323572,46.40373954321964,0.4949612032741008,0.9082352941176466,5.038709873519774
ID80073,80073,18,215.0,79.27198654873725,70.06792457065362,0.0,6.0,6,5.484022993012401,1,,2689.1767441860466,2679.0,931.0,4095.0,578173.0,831.1828506606356,0.26219698397825947,1.344167287974181,0.07625574470536531,-0.040164236885006026,8.26094092820403,3.790324923186991,-1.3697419777863704,2.179480940451418,94.4818539833972,46.40370438718091,0.5513824867835775,0.9347826086956524,4.773956397818769
ID80297,80297,18,152.0,77.60872155429898,66.91018216491165,0.0,15.0,15,4.611071229299126,1,,2198.184210526316,2221.0,578.0,4095.0,334124.0,872.561187220934,0.38543106163721963,1.401715834913631,0.07879334182750915,0.09525048841985273,5.094203893353678,4.319264706407179,2.3227237333870656,1.1794146086478463,66.79647351384362,39.77463690756299,0.5305800926025457,0.8941176470588236,4.8666426339399855
ID80072,80072,18,148.0,78.61782411913451,70.53708571040585,0.0,1.0,1,4.549994741529048,1,,3290.6689189189187,3591.0,876.0,4095.0,487019.0,871.7252218610837,0.2682795339901877,1.5970081484928156,-0.16331264231586443,0.08216519326370558,6.383666372266254,3.368093070773268,-1.226863801664337,1.8953355023531613,65.03867157926877,41.100426497380255,0.48382562810002494,0.8996960486322189,5.096364683137974
ID80267,80267,18,165.0,78.12321873687567,67.3033283508695,0.0,13.0,13,4.804210290597892,1,,2488.927272727273,2572.0,907.0,4095.0,410673.0,818.1991197480847,0.29224163093293076,1.3758831404961964,-0.22408992734537442,0.12838920151926864,5.549351568572782,4.390970030136981,-1.3153888097008577,1.2638099395999896,72.50932980121183,43.75209005150769,0.4759991163913459,0.8527131782945738,5.138091792903602
ID80266,80266,18,147.0,78.95872610609571,66.10599278581078,0.0,12.0,12,4.5345970840318275,1,,2865.598639455782,2873.0,870.0,4095.0,421243.0,789.9501255269564,0.26803510200497654,1.5335787522562996,0.01357787494911518,-0.06690296182454741,5.245623441575876,3.994553862166655,-1.5117530270843433,1.313193819029051,64.5992210956251,38.44880513049928,0.5491252954019324,0.9074074074074072,4.783758061079583
ID80141,80141,18,234.0,76.62020529149703,70.63945451870431,0.0,2.0,2,5.721211010188093,1,,2631.803418803419,2337.0,823.0,4095.0,615842.0,1093.7991611657053,0.33627625693082125,1.2110046457204462,-0.25399444662942045,-8.549544607719278E-4,6.443405084877209,5.081190322618765,2.7291510238195835,1.2680896946911409,102.83141317262765,50.38121378078753,0.509094512288408,0.8982725527831089,4.968276116891291
ID79860,79860,18,175.0,78.36381862149213,69.1698041985046,0.0,5.0,5,4.947651043738543,1,,2932.302857142857,2936.0,1042.0,4095.0,513153.0,925.9590087640651,0.3012650742820181,1.4663244325766267,0.01605578661516702,-0.02799930867678243,6.974021087461809,3.526394659117664,-1.2741744708795824,1.9776632401112961,76.90383463764893,46.4037184495964,0.44879942653179244,0.8750000000000003,5.291499815913174
ID80251,80251,18,224.0,78.51664359889386,69.61726767719814,0.0,7.0,7,5.597628166355557,1,,2833.9241071428573,2804.0,1201.0,4095.0,634799.0,886.9206002597524,0.27589279260014066,1.3818459818226811,-0.17834536315980043,-0.0091723987708481,8.268146449057696,4.102257897378082,-1.391633724939,2.01551112969816,98.43690833619064,50.38117862474884,0.48733901668021806,0.8767123287671234,5.077960761628885
ID79898,79898,18,157.0,78.41788910839908,68.09382893035769,0.0,0.0,0,4.68629758432287,1,,3055.770700636943,3135.0,965.0,4095.0,479756.0,764.7817425589014,0.21617031603970258,1.420413871792727,-0.02988274606820779,0.1612358716970399,6.502329053077564,3.5328004586130586,-1.3332637206272593,1.8405593888623735,68.99372593206219,43.75206895788445,0.45292080807566176,0.8795518207282921,5.267369628270894
ID80156,80156,18,127.0,78.80305585900642,68.598017346091,0.0,4.0,4,4.21484780815027,1,,3420.9921259842517,3752.0,1384.0,4095.0,434466.0,835.2114122257364,0.24371433295030975,1.6052625801535096,0.05629235939346693,-0.023502450394843426,5.209767647138748,3.5933045890552315,1.5686004365502935,1.4498541712848576,55.8102114227509,37.12297335343558,0.5089065311405527,0.8975265017667843,4.96919362920507
ID80159,80159,18,197.0,78.44238743819493,68.30989748060753,0.0,10.0,10,5.249442102367832,1,,2665.02538071066,2619.0,1049.0,4095.0,525010.0,857.1904834182056,0.31020748701954814,1.4721979307596662,0.18304452450956155,-0.13103760458070118,5.876359555731384,5.10659871626871,2.334599983124502,1.1507384625720352,86.57174527781056,46.40373954321963,0.5052194665543934,0.8914027149321269,4.9872931213278004
ID79935,79935,18,169.0,77.36461971158911,66.07514616345959,0.0,16.0,16,4.862094430388499,1,,1924.1183431952663,1837.0,654.0,4095.0,325176.0,841.6253465805094,0.3398720530225273,1.1598320228515049,-0.2017660920946924,0.3488261163515807,6.169156706165919,4.00418011083615,2.4780577757802282,1.5406791241659907,74.26713173578672,45.07793589098689,0.45928099238578496,0.8989361702127661,5.230770862567596
ID79939,79939,19,161.0,188.92179134816854,69.59307768007669,0.0,16.0,16,4.745620168382474,1,,2364.204968944099,2441.0,867.0,3893.0,380637.0,724.3504773071909,0.4500963541092596,2.0261659151815636,-0.025125171084376716,0.014495937790120383,5.635185234074256,3.945726212721077,2.219832231633878,1.428174417146922,70.75152786663693,39.77463690756295,0.5619960191382234,0.9226361031518618,4.7286624374512245
ID80322,80322,19,150.0,189.0184146008663,69.55681670282861,0.0,15.0,15,4.580634782953786,1,,2439.4133333333334,2509.0,518.0,3972.0,365912.0,866.0717160089536,0.47155995610158574,1.8051799052259816,-0.010617963234556516,-0.010312829469745353,5.2200570269776305,4.026576011436118,2.2035617956934805,1.296400965026324,65.91757254655623,38.448812161707025,0.5603317291456805,0.9202453987730059,4.735679736386059
ID80325,80325,19,87.0,192.25220783156246,66.97665351585022,0.0,8.0,8,3.4885075187804198,1,,1884.3218390804598,1928.0,806.0,3505.0,163936.0,559.6186304031104,0.04198115491580065,0.27132351237075375,-0.17760342029340323,-0.007263031392308353,4.230983874607867,2.9901382497516678,2.229248092179264,1.4149793491853604,38.232192077002594,29.168060034338424,0.5647080426279162,0.9255319148936169,4.717294016159228
ID80135,80135,19,116.0,191.11878006750374,65.7994188209468,0.0,4.0,4,4.02818151007582,1,,2069.612068965517,2106.0,736.0,3470.0,240075.0,582.4471578428042,0.05186003409030741,0.3503783453058215,0.07232159691578308,-0.039207003900486086,4.894351336099307,3.3384404282095734,2.555885123756314,1.4660592097862228,50.976256102670185,34.47135901776231,0.5390896437110185,0.9098039215686275,4.828079777415603
ID80102,80102,19,135.0,189.95140238498513,68.17649314879948,0.0,9.0,9,4.345571713057495,1,,2494.4,2493.0,926.0,4091.0,336744.0,794.9798195129455,0.27851472616912354,1.3670437621517897,-0.15262870378739196,0.07635676267467478,5.624070349359727,3.494173983017612,-1.0243097457638888,1.6095564722002507,59.32581529190057,38.448805130499295,0.5042987406752435,0.8999999999999988,4.99184383249372
ID80294,80294,19,124.0,189.24009820084595,69.55196962731266,0.0,12.0,12,4.164768630497139,1,,2357.6774193548385,2457.0,709.0,3720.0,292352.0,695.4383369225334,0.2867889514077109,1.511161374451347,-0.018034694302931645,-0.04197597331581594,4.929870394381234,3.617158558300101,2.1953570397438185,1.3629124393977485,54.49185997181981,35.79716970120282,0.5343725179128863,0.9117647058823527,4.849342678490924
ID80202,80202,19,162.0,190.0226040843023,69.12666251096505,0.0,17.0,17,4.760335304995916,1,,2280.5185185185187,2374.0,703.0,3909.0,369444.0,783.9847984822203,0.5211285890488526,1.9931267937568415,-0.10872626011074399,-0.007613322340102897,6.325537288676961,3.6679504410748085,2.343056742564504,1.7245427358673384,71.1909783502807,45.07791479736365,0.44025793135402835,0.9025069637883009,5.342583735652979
ID80237,80237,19,224.0,193.2241595573273,63.5001578196588,0.0,3.0,3,5.597628166355558,1,,1845.669642857143,1768.0,431.0,3659.0,413430.0,751.4293153286593,0.23601889342912669,0.9380316481273591,-0.17212306237784455,0.19797885235421483,8.307326405884908,3.7504702926279756,2.3295790845206343,2.2150092542297988,98.43690833619067,53.032849210083995,0.4398229714994788,0.8995983935742975,5.345224838267278
ID80333,80333,19,143.0,188.6657884854732,69.9994667524053,0.0,14.0,14,4.472476381243592,1,,2399.3636363636365,2448.0,821.0,4095.0,343109.0,757.2663265804172,0.318268368819041,1.529914178899884,-0.04498144050006874,0.028541795048658086,5.377362629302939,3.7236341719627384,2.2840512858146873,1.444116790470992,62.84141916105022,37.122994447058744,0.5730200885971718,0.9196141479099683,4.682955256056166
ID80271,80271,19,173.0,189.1752655438248,69.61309370524356,0.0,11.0,11,4.919297509171712,1,,1942.8901734104047,1879.0,640.0,3591.0,336120.0,722.8388917659233,0.37875871784199805,1.476764018777849,0.010148357191814082,-0.3667232821889768,7.741794361817909,3.454815407897494,2.051815181307008,2.240870624844571,76.0249336703615,47.72955022666015,0.41936408126867514,0.8693467336683407,5.474057020355983
ID80048,80048,19,160.0,192.29844977941846,66.48147202889318,0.0,6.0,6,4.730859261183585,1,,2044.53125,2036.0,639.0,3679.0,327125.0,687.8162227295893,0.1987149892179361,0.9855213233613326,0.02018004666841794,-0.01286401625891458,6.986815283916527,3.3048747529646967,2.0825947056711627,2.11409381782135,70.31207738299335,45.07790776615596,0.4348227838973206,0.8963585434173652,5.375870345259203
ID79859,79859,19,116.0,191.53024291966824,65.8851397938776,0.0,5.0,5,4.028181510075821,1,,2161.439655172414,2258.0,684.0,3364.0,250727.0,601.7295693147429,0.1521140485298116,0.9485180727372133,0.008554968971859638,-0.21488678019099852,4.947088304824252,3.5255714446339486,2.0938240395979504,1.4032018305440683,50.97625610267021,33.14552724069863,0.5830797201916758,0.9206349206349208,4.64238296204497
ID80279,80279,19,117.0,188.901696695888,69.46378282729579,0.0,13.0,13,4.045507101903139,1,,2337.034188034188,2354.0,758.0,4076.0,273433.0,829.1495428077758,0.26568247326628747,1.1833149053269094,-0.07167308119257877,-0.031144245923863376,4.811201361001981,3.412367754460792,-0.9134545301730798,1.409930496123278,51.41570658631384,35.79716970120282,0.5042063273855458,0.8863636363636358,4.9923012757557474
ID80185,80185,19,182.0,189.87704396008573,69.46337812103336,0.0,10.0,10,5.045633843694107,1,,2214.747252747253,2274.0,521.0,4095.0,403084.0,782.8221588911333,0.372766420560297,1.536495147358163,-0.029349879157287283,-0.1720690826974593,7.540512783233222,3.488988209284908,2.0740816275316307,2.161231947751036,79.97998802315489,46.403725480804184,0.46675126214640994,0.8987654320987646,5.188743251117791
ID80024,80024,19,206.0,194.80291502521965,63.59741624901141,0.0,1.0,1,5.368014091542641,1,,1801.2572815533981,1746.0,410.0,4076.0,371059.0,710.6562043635297,0.2144367856176292,0.8950979614974066,0.024154491063577203,0.06971083141950778,8.069036042700477,3.6253116334816795,2.1414769188282916,2.225749634370364,90.52679963060392,51.70701743302031,0.4254887249467514,0.8637316561844862,5.434516403001617
ID80091,80091,19,163.0,192.1551153135066,65.39209519579487,0.0,2.0,2,4.775005094177661,1,,2216.521472392638,2248.0,803.0,4095.0,361293.0,625.2464041432905,0.19459887493029274,1.1549653613319821,-0.07908106907996956,-0.13420016928328707,6.076364631818969,4.005982239455721,2.21040422878543,1.5168226588654428,71.63042883392446,41.10045462221126,0.5328612800571305,0.9106145251396647,4.856214374557077
ID79902,79902,19,125.0,193.37419083258598,65.60676379165359,0.0,0.0,0,4.181528330527615,1,,2169.456,2196.0,838.0,4094.0,271182.0,683.0775767590147,0.11521228351774139,0.6562239144266546,0.07818258116179619,-0.07620685301434321,5.461660903951064,3.4408896051511233,2.142642948933142,1.5872816424493192,54.93131045546352,34.47135198655461,0.5809158013253888,0.9191176470588233,4.651021393215915
ID79905,79905,20,138.0,37.36808223917959,74.63489069742572,0.0,0.0,0,4.393590537774495,1,,1667.1014492753623,1689.0,647.0,2979.0,230060.0,452.3605126760527,-0.125219485951658,-1.0550672762548612,0.018390819899775514,0.033969617286520336,5.461691273378369,3.6482551086603188,0.04265867978208182,1.4970694512051173,60.64416674283167,38.44883325533026,0.5155046251859757,0.8990228013029307,4.937290135646065
ID80353,80353,20,114.0,37.890675631568044,71.64067651081693,0.0,14.0,14,3.9933048232325814,1,,1328.938596491228,1316.0,486.0,2317.0,151499.0,366.08650955672846,0.016305670956186166,0.11648379476658592,0.044898672802017106,0.11280062477640504,4.547290662404281,3.4276096487862415,0.7146637045354711,1.3266652648193273,50.09735513538267,35.79717673241058,0.49127776702509324,0.8636363636363633,5.0575638792570725
ID80196,80196,20,117.0,39.395125888617734,74.13814015458166,0.0,4.0,4,4.045507101903138,1,,1709.820512820513,1698.0,705.0,3070.0,200049.0,473.6005266951691,-0.06831145105737431,-0.5294087254680634,0.015640970967581942,0.06318707455991945,5.099583166010478,3.2381703178210133,0.22611471597226582,1.5748347571297678,51.41570658631381,35.79719079482602,0.5042057331749431,0.8863636363636367,4.992304217488934
ID80327,80327,20,117.0,39.12316183818568,71.6848107937153,0.0,15.0,15,4.045507101903138,1,,1385.5982905982905,1383.0,443.0,2564.0,162115.0,427.9652954796497,0.1149269087861158,0.6674736261657792,0.007837025838205116,0.008811497090031093,4.325489918774975,3.79423414576483,2.990860736193055,1.1400166021918123,51.41570658631381,33.14553427190637,0.5881060199921155,0.9140624999999996,4.622502125515361
ID79942,79942,20,117.0,38.460249465257945,71.56016126498805,0.0,16.0,16,4.045507101903138,1,,1273.3504273504273,1266.0,313.0,2355.0,148982.0,394.7128444709306,0.014534422421698463,0.09243313142033284,0.16496856353870443,-0.0035039142063554188,4.836664758491341,3.4514510003369683,0.23042375648171878,1.4013424377223183,51.41570658631382,33.1455413031141,0.5881057704807188,0.9176470588235291,4.622503106093087
ID80265,80265,20,120.0,39.90732485026453,73.59945588440955,0.0,7.0,7,4.097044301913862,1,,1531.8333333333333,1556.0,355.0,2618.0,183820.0,456.977544514472,0.019064649001289798,0.12542200213606775,-0.012965535078353808,0.03488422616933011,5.475089578396347,3.055663424027745,0.3811108176872038,1.7917842440838911,52.73405803724493,35.79719079482602,0.5171340853076339,0.8988764044943827,4.929505438171141
ID80201,80201,20,132.0,40.4326326851757,73.33680335987921,0.0,10.0,10,4.29701631519236,1,,1357.8257575757575,1421.0,598.0,2257.0,179233.0,390.0452214184017,-0.054480086055029374,-0.40116790616101317,0.05192874229542086,0.06863679422605712,5.104201548726574,3.614567860590744,0.5051397438915541,1.4121194415457379,58.00746384096943,37.12300147826653,0.5289414198773046,0.9010238907849827,4.8741752899600845
ID80170,80170,20,119.0,38.66060393378293,74.03410683896978,0.0,2.0,2,4.079937570406293,1,,1694.0084033613446,1706.0,670.0,3246.0,201587.0,453.85377126503744,-0.07703004327672305,-0.6230202814629131,-0.09148422916563415,0.06410844295480807,4.906999327874355,3.3928898720316947,0.31189122069061126,1.4462595347770593,52.29460755360122,35.79719079482604,0.5128246345967367,0.875,4.950174314726403
ID80335,80335,20,112.0,40.44949246955258,74.44111338004882,0.0,8.0,8,3.958120834990832,1,,1626.7857142857142,1650.0,559.0,2985.0,182200.0,501.8970216435044,0.041671960078407455,0.2593335359626498,-0.12330514673593251,-0.00728272578972237,5.377898225966916,3.092958951180866,0.41909677611460294,1.7387551244136878,49.21845416809526,34.471366048970054,0.5205001333166147,0.9068825910931174,4.913540153590517
ID80303,80303,20,123.0,38.48664435023382,72.19778091637313,0.0,13.0,13,4.147941213679501,1,,1394.7642276422764,1413.0,351.0,2384.0,171556.0,395.1148013563058,0.0051867988777913095,0.036430080314128595,-0.023602869073119124,-0.020557626787204783,4.796301964355692,3.613018037554446,0.5247284061414186,1.3275056793245845,54.052409488176075,37.123001478266545,0.4928772321583971,0.8785714285714282,5.049350910517569
ID80305,80305,20,132.0,39.066631431869766,74.21063776271588,0.0,3.0,3,4.2970163151923595,1,,1731.189393939394,1724.0,696.0,3163.0,228517.0,494.7574181226757,-4.782217281876506E-4,-0.003348261022484618,-0.002347630161987282,0.012385319230752647,5.200897333310611,3.5551469016692137,0.08216168338949775,1.4629205141617874,58.00746384096941,38.44883325533023,0.49309138061267305,0.8888888888888891,5.048254330691505
ID80304,80304,20,119.0,39.6076216093949,71.97853231499943,0.0,12.0,12,4.079937570406294,1,,1446.3025210084033,1468.0,546.0,2191.0,172110.0,327.3837367605263,0.04274220005701562,0.3621695723136315,-0.008849363168119165,0.010550731962150721,4.5560773444731,3.5698850162970617,0.4090452075645515,1.2762532472821735,52.29460755360124,34.47135901776234,0.5530316172552674,0.9189189189189183,4.766833156866122
ID80114,80114,20,128.0,39.85760642229509,73.9661273461175,0.0,9.0,9,4.231409159996368,1,,1413.6015625,1388.0,602.0,2563.0,180941.0,457.07306295539786,0.040844732880088705,0.24272890466684344,-0.02248951553814305,0.01990472063071018,4.699439925051242,3.8564012774173437,0.603014406628672,1.2186076051189585,56.24966190639459,37.122994447058815,0.5129130862967671,0.8951048951048944,4.949747468323238
ID79861,79861,20,131.0,41.014540325048316,73.90674703220421,0.0,5.0,5,4.280708794066386,1,,1615.0763358778627,1603.0,547.0,2648.0,211575.0,416.70374309888894,-0.08004125202169116,-0.674436658172927,-0.01122144660657753,-0.001996719762989671,5.017121283416308,3.6342675231452346,0.3708054393297677,1.3805041184954647,57.56801335732571,35.79718376361828,0.5645382648982786,0.9160839160839161,4.718003296036655
ID80087,80087,20,123.0,37.68899369012465,74.55299368588905,0.0,1.0,1,4.1479412136795,1,,1691.2764227642276,1733.0,605.0,3209.0,208027.0,511.810212340425,-0.06398188748712212,-0.45176069005673325,0.09870699469387227,0.125059955294474,5.031321738230871,3.814510400332636,0.6771224020558197,1.31899541754877,54.05240948817603,38.44882622412251,0.4594716818015385,0.8723404255319136,5.22968531563279
ID80214,80214,20,117.0,39.55377158470327,71.18054679113581,0.0,17.0,17,4.045507101903138,1,,1253.965811965812,1186.0,464.0,2242.0,146714.0,358.89237969120023,0.07558192474014033,0.49105021629262946,0.009549229241993723,-0.006547943858513962,4.508271282747655,3.591802759192674,-0.39515977664875973,1.2551555820289462,51.4157065863138,34.47135901776231,0.5437369682257677,0.9034749034749034,4.80740268121328
ID80281,80281,20,128.0,39.8317114077275,73.27214463610596,0.0,11.0,11,4.231409159996369,1,,1456.828125,1439.0,542.0,2663.0,186474.0,403.99438893302727,0.03203137565018278,0.22384410905547977,0.049355806741515615,-0.04372922215229371,4.583595643941872,3.909830632859933,0.28512786558947184,1.172325881694036,56.24966190639462,37.12300147826653,0.5129128920022349,0.9014084507042252,4.949748405820416
ID80088,80088,20,136.0,40.67649817708837,74.95744417595752,0.0,6.0,6,4.361636727967782,1,,1575.2573529411766,1591.0,672.0,2648.0,214235.0,482.3281808267146,0.013770655063902926,0.0887265833527129,-0.04574020190107014,-0.005717767472490718,5.011371385911607,3.7982807893894015,0.29946189998937944,1.3193788621186213,59.765265775544286,38.448819192914755,0.5080339152818013,0.8976897689768979,4.9734594239031695
ID80288,80288,21,302.0,167.69487960995522,82.66824660822395,0.0,7.0,7,6.499553284378567,1,,1692.9205298013244,1633.0,431.0,3387.0,511262.0,592.2388741284672,0.12098583478639724,0.6170268420673054,-0.342179688077504,0.18365202505002498,10.605125984409769,4.433625173044011,0.4951421098885843,2.3919762204725497,132.71404606039977,64.96527192278768,0.39515204382170477,0.8400556328233654,5.63926905550229
ID80130,80130,21,294.0,166.74726463527654,84.02257026981755,0.0,9.0,9,6.412888696135301,1,,1969.1292517006802,1978.0,367.0,3769.0,578924.0,724.1682744511959,0.4600988858076149,1.7136954229543744,-0.533388857428134,-0.08281501899922543,9.375521165429927,4.773619979727752,0.49291489177658665,1.9640275525167858,129.19844219125022,62.31360836866031,0.41812038365498116,0.8634361233480174,5.482192256987005
ID80354,80354,21,250.0,167.3588576693975,86.77742105915526,0.0,15.0,15,5.913574076479478,1,,1974.144,2067.0,371.0,3970.0,493536.0,764.9808639126935,0.6271658170296274,1.989339105926869,-0.4372473381157167,6.126410160676192E-4,8.047878466965303,4.668415831830209,0.2496618853600312,1.7238992319607072,109.862620910927,50.38122784320299,0.5439040898412211,0.9328358208955226,4.806664055927965
ID79909,79909,21,347.0,167.05773879844554,80.05722932283705,0.0,0.0,0,6.966983378831763,1,,1897.6657060518733,1863.0,537.0,3677.0,658490.0,593.1472129651052,0.5558296583262968,2.2859508117484992,0.006917887527706891,-0.23131414673593587,7.92729779071484,6.451477335264213,0.4487312145333999,1.2287569774730032,152.4893178243667,55.684498701795945,0.6179888749936534,0.9416553595658071,4.509356837004515
ID80231,80231,21,321.0,166.87425013845845,82.53731557841935,0.0,4.0,4,6.700890995359124,1,,1914.5669781931465,1877.0,647.0,4095.0,614576.0,632.1588279705923,0.15122922287735652,0.7956980024860257,0.5175288627590127,0.7575878578453021,10.638556982652343,4.849693530682362,0.6386492281779532,2.193655519744868,141.06360524963029,70.26855684379615,0.35900688274375114,0.8199233716475092,5.916345729196344
ID80230,80230,21,258.0,166.9973905662071,86.42224579882408,0.0,17.0,17,6.0074461982997756,1,,2024.1162790697674,2008.0,471.0,3940.0,522222.0,780.9082174072162,0.6289027217683338,2.001491664707758,-0.3803279314546247,-0.0014059195383016238,7.808374214073829,4.967796809269264,0.3584831189709115,1.571798226429957,113.37822478007662,49.05539606613931,0.5920603039411775,0.9230769230769225,4.6070397576192
ID80329,80329,21,268.0,166.2920634597084,86.04210672395126,0.0,13.0,13,6.122762788136319,1,,2191.373134328358,2177.0,651.0,4073.0,587288.0,739.4437140964357,0.5515683416066927,2.107024709182412,-1.4045068133862528,-0.22279463649460501,9.537817649175704,4.970672448659672,0.3501695825209832,1.9188183787381827,117.77272961651371,55.68449870179592,0.4772940014360208,0.8772504091653031,5.13111731088223
ID80330,80330,21,301.0,165.88005653343197,85.70244277046754,0.0,12.0,12,6.488783511802825,1,,1929.3853820598006,1908.0,518.0,3711.0,580745.0,699.7886950017629,0.5575671021058469,1.9739331147373076,-0.3911271873765597,0.06358208775123736,8.973035306643817,4.976008407261161,0.5079662027287488,1.8032596756770063,132.27459557675618,60.98778362280436,0.4468899672425624,0.8724637681159418,5.3027924542501275
ID80334,80334,21,349.0,167.9257712133087,82.47042053667232,0.0,3.0,3,6.987032293311816,1,,1990.292263610315,1990.0,556.0,4090.0,694612.0,731.9678369549637,0.16161790584481922,0.7566255967290632,-0.16436751962439858,0.20262552858306418,11.374315435529256,4.694807447593706,0.4836539640468022,2.4227437573311104,153.36821879165424,74.24602405015634,0.3496220656165313,0.7995418098510878,5.9952253876129316
ID80208,80208,21,322.0,167.23302784258604,81.7683664447174,0.0,2.0,2,6.7113204039977905,1,,1874.7919254658384,1813.0,397.0,4095.0,603683.0,784.1055206243225,0.2546197142076343,0.9704842181430061,0.14228141308068692,0.3653572603793786,10.693382747289327,4.835530254361712,0.5156378613942373,2.211418848562421,141.5030557332741,71.59436752723661,0.34691091850619404,0.7990074441687354,6.018606469078052
ID80368,80368,21,315.0,167.27488876882893,84.00212682206192,0.0,8.0,8,6.6379704376483,1,,1803.7428571428572,1813.0,435.0,3476.0,568179.0,637.9575994022822,0.20417560659187425,0.9587973698574569,-0.5088843846776401,0.04600611562888518,10.193991944233188,4.619432004410198,0.6161635271967664,2.206763068381768,138.42690234776808,67.61689328966875,0.3804695798384459,0.8289473684210528,5.747049828592883
ID80243,80243,21,285.0,167.5377277096748,83.74283364996617,0.0,10.0,10,6.31396931637552,1,,1980.8947368421052,2037.0,445.0,3711.0,564555.0,733.4298761618926,0.6031835710736762,2.032352552539139,-0.24952335168945422,0.1176156431508412,8.976755472893437,4.777887695729458,0.42203143591716574,1.878812572534299,125.24338783845681,58.33614819350785,0.46247596828604465,0.8742331288343561,5.212671380856285
ID79956,79956,21,257.0,166.80629312259737,86.27358969229564,0.0,16.0,16,5.995792557455135,1,,1736.2645914396887,1776.0,333.0,3917.0,446220.0,684.3708618818447,0.6177688766356118,1.9375991813902607,-0.17991041527435428,0.19367355263628572,7.799025771017396,5.160360054380475,0.4356650944771111,1.5113336451004105,112.93877429643295,53.03287030370723,0.5046179185593425,0.9001751313485109,4.990264877290935
ID79863,79863,21,308.0,167.21534144528636,82.45682218488407,0.0,5.0,5,6.5638008422764065,1,,1858.344155844156,1892.0,399.0,3344.0,572370.0,633.9499860036344,0.1516486007180999,0.77200403174673,0.2521742841498324,0.41352212793633025,10.142061166581803,4.525492556361303,0.567711900758677,2.2410955360705467,135.35074896226206,66.29108963743599,0.3870438865028298,0.8799999999999994,5.6980312404635605
ID80118,80118,21,280.0,166.48807491667526,81.26315578140378,0.0,1.0,1,6.258338546369261,1,,1939.2392857142856,1846.0,382.0,4095.0,542987.0,731.1002926258642,0.5844617551665188,1.9568555827500436,-0.14727222596156048,-0.08069680130520655,7.795303321318463,5.3545697867268665,0.35170963368403263,1.455822527636448,123.0461354202382,55.684505733003704,0.4986652487030417,0.9076175040518634,5.019961426949678
ID80312,80312,21,278.0,166.38146729740183,84.62818469939972,0.0,11.0,11,6.2359472812161645,1,,1934.5143884892086,1947.0,346.0,3908.0,537795.0,723.8397648702278,0.6237012811177568,2.0531941815232293,-0.2772553839439833,-0.10511328076687253,7.5938694708607715,5.1390085851801395,0.41892891432677715,1.4776915323239495,122.1672344529509,55.684498701795974,0.49510347910154334,0.9129720853858785,5.037985844951664
ID80376,80376,21,363.0,166.91330020177537,85.81291241228645,0.0,14.0,14,7.125795417764301,1,,1937.3829201101928,1895.0,418.0,3802.0,703270.0,692.6256189275449,0.5960259401165334,2.0891620437331015,-0.15022811361842256,0.04428446481387184,9.077056678968171,5.855631496604042,0.3495880492426645,1.5501413783009375,159.52052556266605,63.639433114516265,0.49496424880955964,0.8907975460122699,5.038694371800984
ID80127,80127,21,359.0,169.0925120160474,83.87920569344769,0.0,6.0,6,7.0864260810441335,1,,1549.4401114206128,1529.0,351.0,3651.0,556249.0,562.1280457681272,-0.028234269065553444,-0.1601712282842088,0.01230360552373191,0.20029102178180752,11.55418568011686,4.606850383023823,0.48297738608028196,2.508044481473474,157.76272362809115,74.24603108136404,0.35963982172938735,0.8112994350282481,5.911137275236564
ID80225,80225,22,169.0,44.24645897412815,80.74935938978844,0.0,2.0,2,4.862094430388498,1,,2753.5739644970413,2741.0,901.0,4095.0,465354.0,765.2812170848568,0.49896289446897546,2.3954276382507618,0.24177499935293723,-0.13037227218855152,5.933190005595847,4.251002867217904,0.1072873221092343,1.3957153619797158,74.2671317357867,38.4488262241225,0.6313066197110585,0.9337016574585638,4.461539685389126
ID80292,80292,22,146.0,45.582036382356385,79.5717652370213,0.0,11.0,11,4.519146963872485,1,,2264.2328767123286,2403.0,555.0,4050.0,330578.0,707.8473539040101,0.40837458968846513,1.8550345602443012,0.040765938990592415,-0.005501192482133818,5.86623334399966,3.4669730838254864,0.17902520778883518,1.69203313731147,64.15977061198134,38.44884028653797,0.5453887518112394,0.9124999999999999,4.80011722623149
ID79913,79913,22,201.0,44.870262854155364,79.69417725562148,0.0,0.0,0,5.302468115872093,1,,2886.7562189054725,3015.0,691.0,4095.0,580238.0,780.1854813271214,0.5824123670784738,2.723661685269076,0.19376156241775655,0.1557709016543063,5.840833173657206,5.136689292000181,2.5392337933420634,1.137081268036525,88.32954721238536,42.42628639927494,0.6166600723304211,0.9327146171693735,4.514212689640653
ID80361,80361,22,142.0,44.13035676963542,77.95714794686894,0.0,14.0,14,4.456810916714973,1,,1950.7464788732395,2002.0,509.0,3579.0,277006.0,542.8179747492874,0.4366034976156035,2.1843734942070396,0.029046098719209178,-0.10073472607201514,5.3404928133286305,3.800794714512112,0.1390679193991424,1.4050989896764685,62.401968677406586,37.123008509474275,0.5690125240196046,0.9073482428115016,4.699417386645115
ID80136,80136,22,152.0,44.57213454818429,80.84871313864781,0.0,1.0,1,4.611071229299128,1,,2904.5460526315787,3007.0,574.0,4095.0,441491.0,806.3830358546219,0.5172762660646576,2.455979670158987,0.26007884012959465,0.03443716727789082,5.669619785824619,4.2577337522902745,3.658869224319044E-4,1.3316050546314404,66.79647351384368,35.79718376361831,0.6550367653781554,0.9353846153846155,4.37997966100561
ID80301,80301,22,154.0,46.403866104958865,80.35402363421609,0.0,7.0,7,4.641308085931622,1,,2693.220779220779,2805.0,972.0,4095.0,414756.0,717.4611031952056,0.5072954749203928,2.5267727483828493,0.07632439822191574,0.2200989668125245,5.627680225158547,4.198303832755999,0.31800136116947364,1.3404652091280933,67.67537448113112,37.12301554068203,0.6170978556693669,0.9418960244648318,4.512611162663259
ID79949,79949,22,116.0,44.73515564896768,77.05172520087092,0.0,16.0,16,4.028181510075818,1,,1953.2844827586207,2045.0,489.0,3291.0,226581.0,658.3824157147114,0.3546312607234412,1.553363853435431,0.15897493475337335,-0.03134986288534968,5.179091112060839,3.2619196428022947,0.07357276261199877,1.5877433165740142,50.97625610267014,33.14554833432183,0.583078978055212,0.9169960474308302,4.6423859164308325
ID80145,80145,22,144.0,47.21869589668291,80.56184029980565,0.0,6.0,6,4.488087166512461,1,,2600.5625,2575.0,967.0,4095.0,374481.0,749.5503334400831,0.42937388183277114,2.0844249884758956,0.14335995841331625,0.15950476284423767,5.580971230484668,3.8979265339977784,0.18179334550737744,1.4317794811696285,63.280869644694036,37.12301554068203,0.5770265663401873,0.9260450160771702,4.666669318325533
ID80338,80338,22,120.0,44.37645909775399,77.25097884016989,0.0,15.0,15,4.097044301913863,1,,2082.825,2228.0,425.0,3423.0,249939.0,656.2906158699755,0.3799814363027332,1.7477355447434213,0.011202885490961406,0.001143261700854068,4.808519930911505,3.5897857821734234,0.011136715470863479,1.3395005225075585,52.73405803724495,34.47136604897008,0.5576787142678008,0.90566037735849,4.746930768213983
ID80245,80245,22,159.0,44.598576435287264,80.37040278388068,0.0,4.0,4,4.716052153623245,1,,2793.2955974842766,2850.0,871.0,4095.0,444134.0,803.6485436366797,0.4805312059907553,2.256237229436227,0.16947842078564956,-0.03518577109680318,5.970379014538241,3.866525976602535,0.06823448073619555,1.5441197215967843,69.87262689934963,38.44883325533024,0.5939509811925385,0.9244186046511628,4.599701300070664
ID80215,80215,22,133.0,45.96026308848845,80.11228619376334,0.0,10.0,10,4.313262181511969,1,,2270.0150375939847,2272.0,825.0,3730.0,301912.0,668.8762623367735,0.4443709839827389,2.0882374694125745,0.036808394139261416,0.002589697117680657,5.665248693342854,3.3645147210394755,0.16459084288717088,1.6838234227111841,58.44691432461318,38.448833255330285,0.4968269213748894,0.892617449664429,5.029240122523195
ID80342,80342,22,150.0,44.41954840199425,80.72020186016614,0.0,3.0,3,4.580634782953787,1,,2775.153333333333,2922.0,1094.0,4095.0,416273.0,713.5534551651166,0.46900161448202915,2.4833762919377724,0.1359698655522358,-0.16506442774218547,5.659307231153689,4.034661232360244,0.2314499012856277,1.4026722208454268,65.91757254655624,35.79719079482605,0.6464176066345423,0.9554140127388533,4.409083702082223
ID79864,79864,22,157.0,46.90632834940737,80.20774938680808,0.0,5.0,5,4.686297584322871,1,,2570.452229299363,2577.0,515.0,4095.0,403561.0,798.924721638001,0.5011344028923443,2.1481683451848834,0.14893210012529515,-0.028553555992052587,5.915933556439672,3.778629196433951,0.12186636958149609,1.565629557412721,68.99372593206223,38.448840286538,0.5864796851668808,0.9262536873156342,4.62890689266598
ID80120,80120,22,154.0,46.253204202020775,80.42720188470001,0.0,9.0,9,4.641308085931622,1,,2074.285714285714,2166.0,533.0,3482.0,319440.0,693.2669530279069,0.3696396460614866,1.6149917214279,0.06295970331350458,0.005304194551996897,5.92065342862061,3.7325153548637813,0.28539229695636004,1.5862368579155344,67.67537448113112,39.774658001186225,0.537560839442664,0.8979591836734697,4.834940348274543
ID80315,80315,22,157.0,44.43624084518561,78.94104456389618,0.0,13.0,13,4.686297584322869,1,,2191.9426751592355,2191.0,631.0,3380.0,344135.0,617.4233497744023,0.42919549771365306,2.1322575272183517,0.08364271907831336,-0.05320559286027689,5.410765314087837,4.189732204335728,0.14989689101412612,1.2914346431231398,68.99372593206218,38.4488262241225,0.5864801141694446,0.923529411764706,4.628905199673123
ID80314,80314,22,132.0,45.70579928801222,78.12280442828775,0.0,12.0,12,4.297016315192363,1,,2045.6363636363637,2219.0,657.0,3267.0,270024.0,577.6921480375453,0.4286047167634813,2.1247450816528857,0.0361845929469439,-0.06858898853031026,5.164886700341413,3.6022601235266154,0.23697422005252355,1.4337905990212017,58.007463840969486,35.79719079482605,0.5688474938383972,0.9166666666666662,4.700099018778885
ID80221,80221,22,131.0,44.318981390101364,76.97839341690405,0.0,17.0,17,4.2807087940663875,1,,1863.7328244274809,1872.0,576.0,3243.0,244149.0,574.7534698851657,0.3030547361493756,1.5083094931088095,0.055877015781453425,-0.09085169555394333,4.649858753631967,4.02810781362191,0.20965099585887806,1.1543531029401628,57.56801335732577,34.47135901776234,0.6087995114322695,0.9323843416370107,4.543262021353679
ID80348,80348,22,156.0,46.930796452670464,80.81963818876432,0.0,8.0,8,4.671349228584643,1,,2501.7628205128203,2567.0,733.0,4095.0,390275.0,723.0725400827157,0.4757617258488323,2.230835357541355,0.018306609288864312,0.02137469901866167,5.751729994846456,3.9666227791896325,0.2843479393367503,1.4500320083427531,68.55427544841854,38.44883325533026,0.5827443589058866,0.920353982300885,4.64371858337691
ID80256,80256,24,89.0,68.18314451441363,85.85042123053714,0.0,10.0,10,3.528377470658661,1,,2362.9101123595506,2455.0,821.0,3821.0,210299.0,765.7941754160341,0.4349790518852029,1.8706301028539403,0.025701674352685694,-0.006864758921757796,4.00425927119416,3.1540641060134584,-0.33269132345323443,1.2695554486542429,39.11109304429003,29.168074096753955,0.5776892796836196,0.9081632653061222,4.6639917963385376
ID80162,80162,24,117.0,68.67092273407802,87.22067478331087,0.0,6.0,6,4.045507101903139,1,,2636.2820512820513,2749.0,832.0,4074.0,308445.0,795.0561230044019,0.5149806229607995,2.2542801768358895,0.10094818134032431,-0.09084309689860867,4.422596680400275,3.9139735064112546,-0.16349881245449555,1.129950591938314,51.41570658631384,31.819709526050417,0.638136007755939,0.9322709163346604,4.437601569817437
ID80134,80134,24,107.0,67.78433899257065,86.56846227467149,0.0,9.0,9,3.86876121998093,1,,2313.4018691588785,2417.0,647.0,3803.0,247534.0,797.0720222638095,0.5093971786560716,1.9590093724998543,0.10896565666768429,-0.05656616754698889,4.425903437718267,3.4780173721808554,2.7079959554581805,1.2725363228830133,47.02120174987677,31.819716557258147,0.583594210717607,0.9145299145299143,4.640336172811309
ID80358,80358,24,65.0,66.38302515981847,84.80134074846087,0.0,15.0,15,3.0153429611045306,1,,1920.6307692307691,1906.0,643.0,3272.0,124841.0,542.1876280757996,0.4615989839795365,2.2374888829949793,0.073219326265562,-0.06076988309929113,3.8513124969976693,2.5098683584286974,-0.12526041626335885,1.5344679269986825,28.56428143684105,23.864796206953272,0.6302570426749314,0.9352517985611511,4.46525307639335
ID80232,80232,24,58.0,66.73698871597526,84.23514273239347,0.0,17.0,17,2.8483544616248784,1,,1934.603448275862,2033.0,712.0,2980.0,112207.0,500.43664932526747,0.46321460482734145,2.447637296185232,-0.014205880492863594,0.11911431396557016,3.485893662806162,2.572675843752676,-0.5408073185124003,1.3549680855717157,25.488128051335078,23.86478917574553,0.562383538696377,0.8992248062015504,4.727032975677478
ID79919,79919,24,157.0,66.0421173564754,87.95998290303206,0.0,0.0,0,4.686297584322867,1,,2503.828025477707,2535.0,592.0,4095.0,393101.0,853.7841270601101,0.5537695154544209,2.090397433365252,-0.05414766856622253,-0.1693524131809901,4.93593863549184,4.604203963413877,0.18384813958849966,1.0720503858460675,68.99372593206213,37.12300147826652,0.6291197190964917,0.9373134328358208,4.469287399530822
ID80238,80238,24,147.0,66.57083298750321,87.51298833491076,0.0,2.0,2,4.5345970840318275,1,,2952.829931972789,3145.0,910.0,4095.0,434066.0,871.7636774005479,0.5156039520963616,2.304624469772762,0.01834120235757201,0.031345151285651865,5.096791478266032,4.174530494479603,2.4600300941429194,1.2209256789490521,64.59922109562508,35.79717673241058,0.6334897522165682,0.933333333333333,4.453845371171768
ID80337,80337,24,136.0,67.95826693648495,86.54860051946316,0.0,7.0,7,4.361636727967784,1,,2885.125,3016.0,836.0,4095.0,392377.0,865.0509163991233,0.5799292495662823,2.4484448902755815,0.045737521360817976,-0.05139704769673435,4.749863584662144,4.057021193719781,2.5677322154590585,1.1707761329950344,59.765265775544314,35.79717673241058,0.5860857571527436,0.9189189189189187,4.630462253616948
ID80272,80272,24,135.0,67.67107712089334,86.32546453154077,0.0,4.0,4,4.345571713057495,1,,2984.6,3185.0,987.0,4095.0,402921.0,889.392742688104,0.6018186511602577,2.521592161429257,0.05781868977912478,0.03706922301563654,4.94749138658416,3.9094744637538423,2.566138963917023,1.265513161028202,59.32581529190056,35.79717673241056,0.5817763030560321,0.9183673469387749,4.6475804718993325
ID80339,80339,24,94.0,66.70026833141367,85.74091369517656,0.0,12.0,12,3.6261349592385286,1,,2170.627659574468,2214.0,696.0,3676.0,204039.0,702.5513103986432,0.5249194387309851,2.1270761374109717,0.05583823911454681,-0.010213814508967729,4.145892742626589,3.2322615740712735,3.0225806052817266,1.2826600346594255,41.308345462508555,29.168074096753955,0.6101437335984295,0.9215686274509797,4.5382545775387975
ID80341,80341,24,98.0,66.92032760588377,85.73170262985629,0.0,13.0,13,3.702483014996824,1,,2164.612244897959,2203.0,662.0,3392.0,212132.0,646.9425097970742,0.5113262927000415,2.2640410900245227,0.018935762691644792,-0.041892970950937386,4.281622657095002,3.222927481385876,-0.257503496841031,1.3284886742949245,43.06614739708341,30.49389884260991,0.5819959680184458,0.9158878504672899,4.646703312094532
ID79958,79958,24,62.0,66.40885077831844,84.18942488016332,0.0,16.0,16,2.9449361406975387,1,,1758.1774193548388,1781.0,586.0,2847.0,109007.0,501.93855427596003,0.5070090055353662,2.3569043830529806,0.07407353491933116,0.03209227851632309,3.569195524864886,2.661452980746767,2.895720525074538,1.3410702915605965,27.245929985909914,23.864796206953272,0.6011682560899343,0.9253731343283582,4.572007266094364
ID79867,79867,24,120.0,68.35178991864865,86.38254834980873,0.0,5.0,5,4.097044301913865,1,,2503.625,2620.0,964.0,4095.0,300435.0,759.1585574411544,0.5259395779135947,2.2733447423120916,0.022692706460255535,0.04880821905112029,4.414834343047477,3.823314763850572,2.8925846726289364,1.1547138061427011,52.734058037245006,33.145534271906385,0.6031856615303752,0.926640926640926,4.564355130013895
ID80381,80381,24,119.0,66.49735290454842,84.77991512282013,0.0,14.0,14,4.079937570406292,1,,1955.0168067226891,1940.0,739.0,3684.0,232647.0,598.6693575882603,0.5154186338925002,2.221370262237317,0.12600512134749575,0.0018794040862976263,4.903317528200893,3.5778066219341675,2.6513915108655715,1.3704814279621833,52.294607553601196,33.14554130311407,0.5981588605744069,0.9224806201550392,4.583493943611163
ID80319,80319,24,95.0,67.46354548913479,86.50611688681181,0.0,11.0,11,3.645371884464444,1,,2073.063157894737,2116.0,546.0,3537.0,196941.0,727.0528941296238,0.5128075604682143,1.9330685485176855,0.06847484948014351,0.014473360096540992,4.198055629424702,3.2956842100073036,2.621629072989138,1.2738039696513879,41.74779594615228,29.16807409675394,0.6166346243813924,0.9268292682926829,4.514305837401653
ID80190,80190,24,187.0,66.80171526981248,86.99703886412375,0.0,1.0,1,5.114472411871195,1,,2757.0320855614973,2828.0,775.0,4095.0,515565.0,909.6035938196998,0.4955514202571188,2.008662741699324,0.07635830376722796,-0.016515708841221697,5.539498719099845,4.7197702144286025,-0.7548816460381188,1.1736797486804096,82.17724044137339,43.75210411392318,0.539465318462987,0.9144254278728601,4.826398387070634
ID80350,80350,24,124.0,67.18403056924167,87.00144148461787,0.0,3.0,3,4.164768630497139,1,,2797.8629032258063,2967.0,975.0,4095.0,346935.0,864.2474552918828,0.5235759205767946,2.22501980490017,0.13176752861905638,-0.09908246392241024,4.740855266138933,3.813733707289289,2.611843260808939,1.2431007589957348,54.491859971819785,33.14553427190636,0.6232918502480548,0.9393939393939392,4.490133026934203
ID80382,80382,24,118.0,68.04402255003112,87.30172578658167,0.0,8.0,8,4.0627588095997975,1,,2875.1101694915255,2977.0,885.0,4095.0,339263.0,907.4846402966446,0.6331307779055377,2.4565050758955627,0.04876291596661357,-0.17616976988601726,4.42656105420154,4.0201942043939605,-0.08252020856844904,1.1010813978497436,51.85515706995751,33.1455413031141,0.5931323155275624,0.9147286821705426,4.602874554128647
ID80257,80257,25,73.0,114.78373142204579,83.98056318538546,0.0,4.0,4,3.195519463332834,1,,2285.3561643835615,2138.0,1072.0,4095.0,166831.0,806.3498580686339,0.2246075083035221,1.0396513620143217,-0.0032462926772215037,-0.0010522896450879777,3.6004465696120618,2.8801560172198752,-0.3162269356713945,1.2500873383544897,32.079885305990715,26.516431636249735,0.5733403552173402,0.8957055214723929,4.681647129266781
ID80167,80167,25,117.0,114.81415662403538,84.3933968362589,0.0,1.0,1,4.045507101903142,1,,2049.837606837607,2074.0,570.0,3821.0,239831.0,696.746811943079,0.36866375321138517,1.5849228849408021,-0.05408419799008122,-0.003785797374402464,4.173712844598933,4.093248796533861,-0.791403254863904,1.019657746710439,51.415706586313895,33.14553427190637,0.5881060199921165,0.9000000000000005,4.622502125515356
ID80326,80326,25,99.0,114.40930104896533,83.99523945731036,0.0,7.0,7,3.7213252894327864,1,,2075.181818181818,2042.0,794.0,3768.0,205443.0,687.4198931235308,0.15471306590735018,0.8089412203763231,0.04227630329506269,-0.1769431700357449,4.466325821942742,3.3167702651961073,0.004063597302128352,1.3465888393927294,43.50559788072711,30.493905873817624,0.5879344312570177,0.9166666666666669,4.623176615209571
ID80377,80377,25,72.0,113.79995735263401,84.64977825330203,0.0,8.0,8,3.1735568699972787,1,,1998.5972222222222,1905.0,647.0,3665.0,143899.0,706.3629450452652,0.2554334050366352,1.1513606405426735,0.041675438997944486,-0.09793902183172593,4.070997405125786,2.5238706706462626,-0.2561357161841137,1.6129976279978584,31.64043482234701,27.84225638210569,0.5129126977078133,0.8888888888888893,4.949749343317594
ID79866,79866,25,58.0,115.50676622086365,83.45793924449326,0.0,5.0,5,2.8483544616248757,1,,1931.0689655172414,1877.0,913.0,3173.0,112002.0,579.2684394862852,0.20013491892866228,1.1118359444164125,0.006012671562604162,-0.08835690577885331,3.461476077755619,2.5993664395241898,-0.45591594125999746,1.3316614483909537,25.48812805133503,22.538971461097276,0.6304920532154263,0.9354838709677422,4.4644208063125355
ID79918,79918,25,99.0,114.26198718831175,84.57779572586553,0.0,0.0,0,3.721325289432785,1,,2155.4646464646466,2001.0,1056.0,3999.0,213391.0,732.5993603034101,0.2896878232252708,1.3217520893397319,0.09457020524681771,-0.16694896069080598,4.269424933448431,3.4235254946801996,2.3501343914471984,1.2470843112115482,43.50559788072707,30.493891811402165,0.5879349735151319,0.9082568807339448,4.623174483208819
ID80289,80289,26,229.0,187.34366829161073,91.02114934865286,0.0,4.0,4,5.659756907848367,1,,2802.8165938864627,2865.0,366.0,4095.0,641845.0,1101.8586695298864,0.4443270899663688,1.5650781126892097,0.06349457932832367,-0.19074851837171297,8.19636668108508,4.2456909664274844,2.4339629332861503,1.9305141956626841,100.63416075440925,57.01032344765193,0.38908839993637784,0.8497217068645644,5.683041015286547
ID80261,80261,26,219.0,187.57998556152387,90.75494685064524,0.0,2.0,2,5.534802067067699,1,,2782.4657534246576,2807.0,598.0,4095.0,609360.0,1139.531906339137,0.5322249724312285,1.696313215546804,0.2503377521499721,-0.24149952597674054,8.132103575759281,4.095552414802722,2.6412249327191617,1.9855938227934988,96.2396559179721,55.68451276421138,0.3900273638819828,0.8202247191011239,5.676196128752342
ID79924,79924,26,245.0,189.09778370129888,90.71840068719591,0.0,0.0,0,5.854139662738659,1,,3191.1306122448977,3646.0,500.0,4095.0,781827.0,1027.0862252109457,0.7089820534398437,2.5778961088215566,-0.8050332720968718,0.4035552153636909,9.250417741333372,4.360920681079379,2.491634353677949,2.1212075196570157,107.66536849270842,55.684498701795945,0.43633220280531704,0.8703374777975134,5.3665638236472555
ID80217,80217,26,268.0,188.10633292557972,90.81603991289295,0.0,1.0,1,6.122762788136321,1,,3117.0485074626868,3472.0,623.0,4095.0,835369.0,1071.8380383293684,0.5679878605176566,2.1068845992814413,-0.9964802745302466,0.08632731986165025,8.964696710133628,5.271821565764685,2.5589320972510476,1.7004931973325024,117.7727296165138,55.684491670588216,0.47729412197060334,0.8844884488448844,5.131116662982859
ID80362,80362,26,219.0,187.69803844985563,91.15148137260759,0.0,3.0,3,5.534802067067698,1,,2576.904109589041,2474.0,549.0,4095.0,564342.0,1128.9429191133013,0.5254909858279655,1.5725769101427993,-0.0924146441715122,-0.024880589231509223,8.117779061527408,4.259957677280364,2.5137266421505284,1.9056008713001928,96.23965591797206,55.684505733003704,0.3900274623784506,0.8311195445920304,5.676195412026781
ID79869,79869,26,210.0,184.58637187901013,90.29134307639175,0.0,5.0,5,5.419880166639158,1,,2964.114285714286,3186.0,685.0,4095.0,622464.0,1114.0629749862142,0.46836010791684957,1.6973152736727004,-0.0056557507848932435,-0.2856998874779262,6.773411546692715,4.713385855661484,3.1201613343339636,1.4370585719301618,92.28460156517869,55.684505733003675,0.3739989365272818,0.8219178082191781,5.7965521623418645
ID80355,80355,27,140.0,55.945069186743865,91.694500157725,0.0,7.0,7,4.425313625098866,1,,1753.5142857142857,1837.0,533.0,2836.0,245492.0,487.6292300318969,0.4189289486715184,2.1233876936504394,0.017249006621652074,-0.010101061535704626,4.820463661990267,4.157458335592893,-0.12600292298227464,1.1594737151593904,61.52306771011912,37.12300147826653,0.5609984756274444,0.915032679738562,4.732864722915094
ID80389,80389,27,133.0,56.19802259220376,91.99480285437086,0.0,8.0,8,4.313262181511968,1,,1709.1954887218046,1770.0,621.0,2867.0,227323.0,465.7484113840507,0.47724987121522167,2.3711673722984643,0.012693846423495561,0.12956098177664344,4.575945747121298,4.1725950837013475,0.27861584311207777,1.0966666200119648,58.446914324613175,34.47135901776234,0.6180941604617697,0.9366197183098589,4.508972761247521
ID80388,80388,27,110.0,54.123782011510784,88.87799843469087,0.0,14.0,14,3.9226212763309762,1,,1242.1727272727273,1238.0,554.0,2119.0,136639.0,375.9443365759125,0.46845294368476126,2.10811538054263,0.1782712446328658,0.23381198706596978,4.610626880637059,3.838491751699482,1.7313324919020863,1.2011558650857375,48.3395532008079,34.471351986554595,0.5112059051663426,0.8870967741935485,4.9580054640945095
ID80235,80235,27,178.0,53.81880169203517,91.90970612304355,0.0,1.0,1,4.989879272177154,1,,1754.943820224719,1754.0,370.0,3193.0,312380.0,564.5800270957988,0.49397770220717224,2.05556367153271,-0.007878414000472964,0.19360888177391583,6.097373134639816,4.273681216354204,-1.444224752493196,1.4267262404380665,78.22218608858002,41.10044759100349,0.5818977932676432,0.9058524173027993,4.647095279296647
ID80138,80138,27,86.0,54.936935835555495,91.0883019418502,0.0,9.0,9,3.4684006797305695,1,,1457.9651162790697,1479.0,610.0,2434.0,125385.0,443.64038026773886,0.5018090972806178,2.1961897456761807,-0.030507521797080384,-0.03145840700787463,3.6724602513373177,3.297577177615642,0.23512724625785364,1.1136843972193973,37.79274159335888,27.842249350897973,0.6126460316939963,0.9247311827956983,4.528977046428257
ID80300,80300,27,125.0,54.35351128111059,91.52915174845391,0.0,4.0,4,4.181528330527615,1,,1750.84,1791.0,674.0,2807.0,218855.0,512.293914504857,0.5384875515431629,2.3924283501247787,-0.03915288236316025,2.153792839746503E-4,4.398237740817116,4.031011870227879,-0.6423356814895071,1.0911001709772878,54.93131045546352,34.471351986554595,0.5809158013253892,0.9090909090909092,4.651021393215912
ID80367,80367,27,112.0,53.82019827709133,91.52285411431185,0.0,3.0,3,3.9581208349908343,1,,1639.8125,1670.0,573.0,2873.0,183659.0,542.3335885631498,0.5476765051104274,2.1399400478627606,-0.08600107394127247,0.02627984588396931,4.3117223506529365,3.6872761600080732,-0.7527925361493719,1.1693516198807024,49.21845416809532,33.14552724069863,0.5629735229436862,0.9105691056910569,4.724555411518627
ID80273,80273,27,105.0,53.10243779711614,92.13170433267285,0.0,2.0,2,3.8324340190490247,1,,1871.7238095238095,1941.0,634.0,2959.0,196531.0,574.6469400228766,0.53156402450302,2.260950667704851,-0.03581592318408185,-0.012025331788709785,4.1413457829244225,3.6434471395597487,-0.760475196014034,1.136655926185562,46.14230078258938,31.819709526050403,0.5726861608066129,0.9090909090909092,4.684320350169426
ID80275,80275,27,63.0,55.44262369773821,88.71404089046887,0.0,10.0,10,2.968590626243126,1,,1603.3650793650793,1573.0,971.0,2475.0,101012.0,367.65373354984274,0.32789328967901465,2.15373759152023,-0.056907823652970535,-0.05361581873816064,3.8279551893567745,2.504075543823662,2.2042671063190458,1.5286899785425725,27.68538046955362,23.864782144537813,0.6108652381937197,0.9197080291970801,4.535573676126674
ID80181,80181,27,120.0,55.447095725651536,91.30464661544164,0.0,6.0,6,4.097044301913863,1,,1696.9666666666667,1734.0,596.0,2796.0,203636.0,509.12663616497326,0.5114681792958521,2.255781857850729,-0.06274764586927961,0.06495001145934051,4.414367229525606,3.8408200370318077,-0.4700583476340554,1.1493293585650621,52.73405803724495,33.14553427190637,0.603185661530375,0.9338521400778204,4.564355130013896
ID80343,80343,27,41.0,54.56900630809621,88.95913495115263,0.0,13.0,13,2.394814976300603,1,,1634.560975609756,1672.0,759.0,2185.0,67017.0,368.56980673818686,0.3094517901122026,2.0961137773450487,0.019793373652118598,0.1265267768544307,3.3373047508319234,1.943196203925415,0.08997650910112237,1.7174306660800878,18.01746982939202,19.887336031800828,0.572466982664496,0.9111111111111118,4.685216997844433
ID79926,79926,27,146.0,53.128340244043066,93.10237068103342,0.0,0.0,0,4.519146963872485,1,,1801.849315068493,1791.0,657.0,3057.0,263070.0,533.4925051015503,0.5206721283754486,2.312857557437634,-0.06735864998870843,0.09370416733380724,4.940112387323797,4.2349198979687666,-0.6712004158382212,1.1665184953541314,64.15977061198133,37.122994447058815,0.5850414890572501,0.9153605015673975,4.634592976189558
ID80344,80344,27,72.0,54.37722881267495,89.78732189756474,0.0,12.0,12,3.173556869997278,1,,1239.7916666666667,1210.0,545.0,2146.0,89265.0,327.15379238706595,0.42243343618722945,2.250883838919302,-0.0357912449850565,-0.02037383341872854,3.6654196412996427,2.812277601713172,3.125140238014991,1.3033633802960123,31.64043482234699,26.51643866745748,0.5654860778552697,0.9113924050632912,4.714047707919376
ID79870,79870,27,137.0,55.065275941025604,90.9927084816065,0.0,5.0,5,4.377642788098355,1,,1677.8394160583941,1673.0,649.0,2959.0,229864.0,530.76255122973,0.514656589672218,2.148243342778661,-0.06840802496204762,5.288888051081016E-4,4.803925708390898,4.091638503426749,-0.5810670934782761,1.1740836108487123,60.204716259188,37.1229944470588,0.5489772876770093,0.9102990033222587,4.784402883230682
ID80371,80371,28,109.0,79.8718182904886,92.07743210905653,0.0,3.0,3,3.904750471424828,1,,2599.770642201835,2519.0,979.0,4095.0,283375.0,874.7685263460812,0.10864683372508444,0.5824997390567885,0.009677461148801655,-0.2279818291748473,4.856312926204112,3.3473561089784343,0.8301734363325004,1.4507906443471261,47.90010271716419,33.14553427190637,0.5478936425567577,0.9121338912133885,4.789131934085163
ID80309,80309,28,114.0,80.32288251977408,91.84776667924908,0.0,4.0,4,3.9933048232325854,1,,2511.342105263158,2332.0,855.0,4095.0,286293.0,966.4447100085415,0.11863721543913647,0.5511763083563601,-0.06877376029855164,-0.46282325989683876,4.918040949265243,3.687531168055507,0.782899737560301,1.333694747279547,50.09735513538276,34.471359017762325,0.5297949946815177,0.8871595330739306,4.870247213638209
ID80197,80197,28,128.0,81.85932005077943,91.59535977058067,0.0,6.0,6,4.231409159996371,1,,2491.0625,2436.0,859.0,4095.0,318856.0,935.3845118663073,0.10925576770273461,0.5246106737802114,0.064455550259255,-0.2883516122766957,4.925853141409692,4.006828521680046,1.2202439263110456,1.2293645996470801,56.24966190639467,37.1229944470588,0.5129130862967682,0.8797250859106529,4.949747468323233
ID79928,79928,28,127.0,79.4033308423668,92.21740773500196,0.0,0.0,0,4.214847808150271,1,,2883.464566929134,2999.0,739.0,4095.0,366200.0,967.0998848240016,0.2926618245314698,1.3500642452155762,0.11529222876444523,-0.006933854787955144,4.781376752477374,3.8676098283538787,0.4162969656007083,1.2362614029534644,55.81021142275094,34.47135901776235,0.5902102133732684,0.9169675090252705,4.614254790160895
ID80392,80392,28,129.0,81.37891734641472,92.30877367529474,0.0,8.0,8,4.2479059444311185,1,,2742.3565891472867,2653.0,1047.0,4095.0,353764.0,983.6179294958861,0.29334960207017596,1.264727769175029,-0.10815724309866338,-0.08933862976017551,4.627132965725787,4.052312119070891,-0.09066852567562733,1.1418500919387944,56.68911239003837,34.471359017762325,0.5995048624027698,0.918149466192171,4.57834564676574
ID80363,80363,28,113.0,81.09823578191609,90.90064375431179,0.0,7.0,7,3.9757517500242137,1,,3040.973451327434,3202.0,1048.0,4095.0,343630.0,961.8666418942252,0.45359433418922007,1.9731139204081076,-0.2071224411069139,-0.027603007044246567,4.590467123429097,3.663935726989567,0.011365966606499195,1.2528787253593021,49.65790465173908,31.819716557258147,0.61631911972981,0.9338842975206613,4.515461166039299
ID80282,80282,28,119.0,79.52720198252042,92.22232044538441,0.0,2.0,2,4.079937570406294,1,,2763.436974789916,2795.0,664.0,4095.0,328849.0,953.6799523438855,0.12238407029174407,0.6319173874883875,0.034438868899174344,-0.04084807699254964,5.205831934546658,3.233369647177838,0.5318743916026054,1.6100330313579927,52.29460755360124,37.12300147826653,0.47684870428332765,0.8717948717948714,5.133512555678694
ID79868,79868,28,141.0,81.75449115492677,90.46120087782458,0.0,5.0,5,4.441090194301138,1,,2189.340425531915,2154.0,528.0,4095.0,308697.0,934.4091779590475,0.1657254005900026,0.666191388082313,0.010106887775434096,-0.17327650824893853,5.072646522722801,4.1951228566005225,2.2509336553794017,1.2091771078269138,61.96251819376287,42.426279368067185,0.4325825821807097,0.8294117647058823,5.389772294844667
ID80254,80254,28,162.0,79.95868991983122,91.46096216080949,0.0,1.0,1,4.760335304995915,1,,2925.3271604938273,2935.0,851.0,4095.0,473903.0,974.5382587497751,0.1832568933188259,0.9297941775585522,0.09970487935238116,-0.06479357483146214,5.359704810480732,4.403808997060803,0.9291820639746291,1.2170611427648006,71.19097835028069,42.426272336859455,0.49700994000802196,0.8709677419354834,5.02831405512452
ID79873,79873,29,186.0,94.58262662775437,96.69559251645155,0.0,5.0,5,5.100779020733944,1,,1204.1344086021506,1185.0,544.0,2021.0,223969.0,320.57321666365203,-0.03357490756555842,-0.2609902933672394,0.0038452485504411184,-0.11383004640944001,6.227141257323613,4.370379887582028,0.7046349839949609,1.4248512526376427,81.7377899577297,49.05538200372382,0.4268344173248339,0.8340807174887892,5.425942866953429
ID80385,80385,29,186.0,94.7679569685734,97.10901954575118,0.0,7.0,7,5.100779020733942,1,,1232.7043010752689,1221.0,372.0,2024.0,229283.0,346.29149365237856,-0.07573362668040315,-0.5833627376279857,0.007176947821730851,-0.21783509149619654,6.743391695648252,4.186447136015963,0.6326182805165463,1.6107671915010988,81.73778995772965,49.05538200372385,0.4268344173248331,0.8193832599118935,5.425942866953434
ID79968,79968,29,129.0,91.87759934557799,97.62232219059156,0.0,16.0,16,4.247905944431117,1,,974.1627906976744,960.0,449.0,1816.0,125667.0,267.9420935195721,0.006999905427856346,0.05054559686410709,-0.4461639491524072,-0.04797840264522299,5.746387145165052,3.3084946706347593,0.0768414022240331,1.7368585164027375,56.68911239003833,37.12300850947432,0.5169198281586531,0.8865979381443294,4.930526943153639
ID80394,80394,29,230.0,93.76751403680808,97.88281610253938,0.0,3.0,3,5.672100994285039,1,,1248.513043478261,1272.0,348.0,2134.0,287158.0,339.02845690140833,0.08535809969782827,0.5792400908003141,0.1016046795022865,-0.14946728612472363,6.9398751410785975,4.911501512832318,1.0581714013940213,1.4129844250168164,101.0736112380529,51.7070174330203,0.47506022688229543,0.8712121212121211,5.143166643440463
ID80332,80332,29,232.0,94.59359528353976,98.68198403683613,0.0,11.0,11,5.696708923249755,1,,1142.3620689655172,1152.0,363.0,2346.0,265028.0,306.3851492493546,0.07947293747902728,0.5490015440319355,0.21246494603809063,0.08327273321731352,7.94427943487016,4.438366270360212,0.6681583764028418,1.7899107353808845,101.95251220534023,55.684498701795945,0.413179881840137,0.8592592592592586,5.5148708764831635
ID80175,80175,29,186.0,94.63252325797518,98.22455971963555,0.0,9.0,9,5.100779020733942,1,,1190.231182795699,1180.0,549.0,1928.0,221383.0,299.99948701883875,0.03534555782042952,0.27088834711299264,0.1811363904835045,0.3183261131198873,7.541415466071101,3.945105714799401,0.6832163007035333,1.9115876762898263,81.73778995772965,50.38121378078753,0.40466486874206775,0.8493150684931505,5.572591148542451
ID80270,80270,29,172.0,95.37844472586603,97.8831177294226,0.0,6.0,6,4.905059281019032,1,,1277.2267441860465,1272.0,550.0,2271.0,219683.0,317.8764900182093,-0.1596556065271641,-1.5267448284654976,0.030546535541815946,-0.07974541833291915,5.49282963197702,4.435312310523717,0.30326971859844226,1.2384313093227097,75.58548318671772,41.10046868462672,0.5622826837593109,0.9173333333333329,4.727456893442421
ID80400,80400,29,211.0,92.3584598434298,98.44353618669935,0.0,14.0,14,5.432769317223082,1,,1085.5118483412323,1065.0,467.0,2183.0,229043.0,308.1667507819748,0.10102981034118588,0.6464415226530751,-0.17895542877214604,-0.18862464696546477,6.162153139314413,5.051559095077016,0.6348409835938161,1.2198517375199518,92.72405204882244,46.40374657442737,0.5411232240507834,0.903640256959315,4.818999100860731
ID80277,80277,29,239.0,93.90611421694581,97.53358602069196,0.0,1.0,1,5.782011984617264,1,,1281.0125523012553,1277.0,390.0,2184.0,306162.0,369.081388409588,0.11578181813286902,0.7203147701308186,-0.06899494998232575,-0.15249719253012375,8.023162459378389,4.763688001298048,1.043316841899567,1.6842334042851197,105.02866559084623,57.01029532282095,0.4060795604202628,0.8284228769497398,5.562875840051733
ID80405,80405,29,202.0,94.39937825382971,98.64871411466818,0.0,8.0,8,5.315641970004391,1,,1254.7623762376238,1264.0,465.0,2258.0,253462.0,305.47324506907614,-0.04527318730822547,-0.38956529152104485,-0.31664190351885074,-0.013911612250649146,5.971758403787883,5.389311192415926,-1.4280273862063038,1.1080745183524754,88.76899769602898,57.01030235402868,0.34321360239114795,0.7952755905511811,6.050937765288309
ID80373,80373,29,218.0,93.05404368793215,98.51190523794519,0.0,13.0,13,5.522151074371728,1,,1192.4449541284403,1201.0,403.0,2009.0,259953.0,313.04537913597284,0.1637833437738777,1.0721576148281065,-0.21135612802175918,-0.10025276270544431,6.556092077269866,4.893339635539992,0.7548096750693665,1.3397991076796336,95.80020543432838,47.72956428907557,0.5284469124056793,0.902691511387164,4.876455322663034
ID80308,80308,29,215.0,93.73889284537917,97.36743630436338,0.0,2.0,2,5.484022993012404,1,,1205.0790697674418,1173.0,431.0,2245.0,259092.0,355.4695174426442,0.11377121026844667,0.6925953396244852,0.016306739199005917,-0.16475685294202466,6.968071120238423,4.640475695586062,0.9116829887028044,1.5015855221192793,94.4818539833973,53.03284217887628,0.42215162476267004,0.8333333333333339,5.45595399242091
ID80244,80244,29,170.0,91.19724509215749,97.93503500997116,0.0,17.0,17,4.87645810844786,1,,895.3117647058823,857.0,334.0,1632.0,152203.0,309.73203226892014,0.03914334935262422,0.21777132139326996,0.059633067867227586,-0.18768648836662227,6.294518003786531,4.209129892079947,0.8062373685024808,1.4954439908425081,74.70658221943037,50.381192687164315,0.3698552972621658,0.7640449438202246,5.828932288286962
ID80346,80346,29,223.0,93.92844057132599,97.69730760518938,0.0,4.0,4,5.585119484428695,1,,1291.7668161434979,1277.0,475.0,2272.0,288064.0,328.3259879896304,0.10375421737851595,0.7396772178445343,-0.0986435814585707,-0.1391717681098553,6.747550707292536,4.995887376575218,0.9569948494846975,1.35062106062089,97.99745785254699,53.03284217887628,0.43785959219569964,0.8446969696969696,5.357195531209783
ID79933,79933,29,244.0,94.07650302203733,97.93119947174101,0.0,0.0,0,5.842180222949125,1,,1237.7131147540983,1259.0,283.0,2221.0,302002.0,404.7604378003926,0.16632340853500271,0.8721402215619124,-0.19373295801565707,-0.4673861472470502,7.597759113302277,5.048235634750618,1.0494975331583252,1.5050325822751742,107.22591800906481,55.6844776081727,0.4345515842602137,0.8187919463087253,5.377547599168423
ID80383,80383,29,170.0,93.4277502528341,98.05201892597123,0.0,12.0,12,4.87645810844786,1,,1093.4,1073.0,457.0,1847.0,185878.0,294.1041034542684,0.05029970938022414,0.3560903559126897,-0.17062178877188697,-0.08873551910310545,6.778033523652663,3.744780477865267,0.5475329995183389,1.8099948885432449,74.70658221943036,43.7521111451309,0.49042285915713085,0.8923884514435696,5.061970146640599
ID80161,80161,30,132.0,40.266904591943664,46.328289460719326,0.0,13.0,13,4.297016315192363,1,,1131.0681818181818,1116.0,495.0,1935.0,149301.0,339.2942426596898,0.44191179215376647,2.043333182492813,-0.02772397132672622,-0.02071041643960653,6.61513124400872,2.773150537706047,-0.044997903528595166,2.385420897302158,58.007463840969486,39.77467909480943,0.4607659450935096,0.8949152542372882,5.222335217789741
ID80004,80004,30,200.0,34.173132824437495,48.41554839466671,0.0,2.0,2,5.289261449995464,1,,991.445,961.0,307.0,1988.0,198289.0,347.7859431984452,0.47722075141496356,1.8418765482304724,-0.1532089727502253,-0.3065050697355386,8.82659474166757,3.5597432999192855,3.039860014313641,2.4795593384128867,87.89009672874167,55.68455495145785,0.3561888337022399,0.8510638297872339,5.939703711967594
ID80132,80132,30,120.0,40.75806239552219,47.01681070571284,0.0,11.0,11,4.097044301913865,1,,1146.6416666666667,1147.0,487.0,2337.0,137597.0,351.333564977148,0.48753399966112876,2.139321615686372,-0.03528459002506286,-0.022677123567518262,6.198580201027009,2.7046371984200333,2.9488566444063737,2.291834263260163,52.73405803724499,37.12302960309749,0.48085510764863115,0.9090909090909088,5.112082044614155
ID79910,79910,30,135.0,40.251057191782905,45.53447284419645,0.0,16.0,16,4.345571713057497,1,,1012.2148148148148,1001.0,378.0,1859.0,136649.0,317.5474670167188,0.534866299618631,2.2216145788726887,-0.0146205408494381,-0.026871289962254574,6.282962820227725,3.0393653311250524,2.9530524257985467,2.0671956595300185,59.325815291900604,38.44884731774572,0.5042976340119727,0.8940397350993374,4.9918493097028325
ID80200,80200,30,132.0,40.50796363664502,46.01692317924913,0.0,15.0,15,4.297016315192363,1,,1078.060606060606,1044.0,350.0,2332.0,142304.0,365.7223691007957,0.49402468137144556,1.9494518927907332,-0.0029212036796326655,-0.0014971412402985601,5.8920015531345875,3.1751192206981242,2.9530780721402805,1.855678840254412,58.007463840969486,37.12302257188975,0.5289408187792763,0.9103448275862068,4.874178059510306
ID79851,79851,30,171.0,37.65419811841827,47.706177767430276,0.0,5.0,5,4.890779602157403,1,,1080.0,1057.0,296.0,2068.0,184680.0,345.60947018615235,0.537761653600138,2.18559113547698,0.029529290083833787,-0.08804637000154893,6.62917732418454,3.683516263934581,-0.04230366277541159,1.7996872686815626,75.1460327030741,42.426307492898175,0.5246207338996627,0.8999999999999995,4.894205567007865
ID80013,80013,30,95.0,35.22507008989967,49.57162655190025,0.0,4.0,4,3.6453718844644443,1,,1092.6421052631579,1103.0,599.0,1625.0,103801.0,222.29843443660934,0.07819047683409044,0.7129020995154034,-0.560311235592626,-0.1349009637903999,5.389380852214507,3.001686885964621,0.14407055376316055,1.795450710536911,41.74779594615229,33.145548334321845,0.47752157685556135,0.8520179372197312,5.129894480971566
ID80077,80077,30,158.0,41.209653967712846,47.3895920473154,0.0,9.0,9,4.701198409157222,1,,1182.0632911392406,1180.0,429.0,2270.0,186766.0,353.3193767060879,0.5777915417176576,2.450331409127789,0.10534709553415618,-0.06406571907126242,7.369248677954052,3.143705216859263,-0.17298332061813096,2.344128399327575,69.43317641570586,46.40378876167378,0.40520054001345723,0.8426666666666668,5.568906474036721
ID80140,80140,30,143.0,40.0018941678011,46.38044138131298,0.0,12.0,12,4.472476381243594,1,,1059.2447552447552,1028.0,412.0,1828.0,151472.0,345.42882548481674,0.5027228467181798,2.051717087175268,-0.04688813704236518,0.05988751329235534,6.764152208026865,3.0177003179118014,-0.044931457861070806,2.241492360218044,62.84141916105027,42.426321555313635,0.4387176328400472,0.8746177370030581,5.351954185859767
ID80110,80110,30,163.0,40.384784436655664,47.88804782203336,0.0,7.0,7,4.775005094177661,1,,1109.558282208589,1098.0,297.0,1976.0,180858.0,353.7085027470354,0.529516902630269,2.1720017073521576,0.27110518452656435,-0.35886124994584745,7.641824472983812,3.236524759727546,-0.1476361489611152,2.361120349849296,71.63042883392447,47.72961350752976,0.3951223352052818,0.8511749347258489,5.639481055327783
ID80174,80174,30,123.0,39.67773080890925,45.22331887647697,0.0,17.0,17,4.147941213679502,1,,1104.0975609756097,1058.0,435.0,2101.0,135804.0,339.37950648239195,0.3616077924062843,1.7279755169911628,-0.1318608415079125,0.27188926659978835,5.496940573679841,3.5255024994717337,2.8649821816974415,1.5591934978073367,54.052409488176096,35.79719782603378,0.530062229212923,0.9179104477611939,4.869019374488936
ID80051,80051,30,133.0,41.165363067760964,47.02665465303014,0.0,10.0,10,4.313262181511968,1,,1134.8045112781954,1129.0,505.0,2032.0,150929.0,343.60932843209423,0.46438611863539003,2.0946416245260804,-0.02587220823027137,0.01527846035368568,6.5771844048593335,2.9167167132506706,-0.15294601113339382,2.254995960005003,58.446914324613175,37.12302960309749,0.5329477443105659,0.9172413793103442,4.855820427883369
ID80211,80211,30,138.0,39.866012919777916,45.60620790895047,0.0,14.0,14,4.3935905377744975,1,,1150.2826086956522,1145.0,220.0,1933.0,158739.0,333.97821051199526,0.49318207266174174,2.2751546911057003,-0.04532711639969806,0.025050269239949612,6.15743106703172,3.11978851970009,2.971200620347651,1.973669377956312,60.64416674283174,39.7746720636017,0.481710021998173,0.9049180327868851,5.107543699026371
ID79990,79990,30,173.0,39.138653046742405,47.545509258252146,0.0,6.0,6,4.919297509171712,1,,1036.086705202312,1031.0,339.0,2178.0,179243.0,316.3705299264483,0.4085901262511333,1.8999111976906269,0.16843246296000292,-0.502238976826662,7.441913161312039,3.7403010352394346,3.011060720429165,1.9896562044599295,76.02493367036152,45.07797104702557,0.47015081508213696,0.9153439153439156,5.169949909470179
ID80188,80188,30,154.0,35.70256637054998,48.73241021926165,0.0,3.0,3,4.64130808593162,1,,1085.8246753246754,1067.0,474.0,2094.0,167217.0,293.3247800249601,0.4070408111254922,2.1417669348818418,-0.29467826398332125,-0.05155641776053104,7.074109453012831,3.356742641084751,-0.19333781678303788,2.1074327731978855,67.67537448113106,43.75212520754641,0.4442651280058409,0.8825214899713464,5.318434554042352
ID80220,80220,30,173.0,41.16187693637238,48.08579913618694,0.0,8.0,8,4.919297509171712,1,,1145.2312138728323,1136.0,455.0,2001.0,198125.0,364.7731435143381,0.5065195169023902,2.1111628641899545,-0.014716292560511483,-0.10168136144170986,8.090241292299273,3.1634033337178855,-0.2033833945047903,2.557448557402566,76.0249336703615,54.35870911197867,0.32331633299518964,0.7863636363636363,6.2343489896476525
ID80179,80179,31,82.0,186.81194041000418,73.39694531275377,0.0,4.0,4,3.3867798188585105,1,,2028.878048780488,2039.0,526.0,3484.0,166368.0,726.223299846948,0.22010971474414154,1.0079896815314884,0.06514641147129102,-0.008108749613956157,3.943685412268176,2.9941725407988455,0.8786201896443816,1.317120292344943,36.034939658783955,27.842242319690172,0.5841511624690907,0.9060773480662991,4.638123509510011
ID80311,80311,31,69.0,187.12383025389087,73.42916516707598,0.0,3.0,3,3.1067376630173937,1,,1876.2028985507247,1910.0,588.0,3320.0,129458.0,679.2438178659573,0.04618566528661035,0.24388356941922124,0.05614440409204277,0.06891984789932952,3.4617932280701775,2.86705094255717,1.190638487160582,1.2074404317987273,30.3220833714158,25.190599859185966,0.6004707855984865,0.9139072847682127,4.574661778834826
ID80150,80150,31,44.0,186.95635535598467,71.89547879887945,0.0,2.0,2,2.480883526288525,1,,2035.8863636363637,2091.0,1232.0,3130.0,89579.0,477.10533261993254,0.02195229016264634,0.18332363994838605,0.03434846510844663,0.012217841991547447,2.534675706911137,2.478319645862414,-0.8262898046373026,1.0227396256745211,19.335821280323174,21.213139684033592,0.5399612373319499,0.8800000000000003,4.824181513261174
ID79862,79862,31,60.0,186.9081435470467,72.94207126756419,0.0,5.0,5,2.8970478087049956,1,,1784.3,1810.0,785.0,3081.0,107058.0,505.20609320372364,0.12051914004731797,0.7597418258120472,-0.003515142259569189,-2.9823022330405794E-4,3.2101583620034804,2.6193772781891336,0.9940878313560212,1.2255425702641713,26.367029018622443,23.86478214453774,0.5817764173273545,0.9022556390977454,4.647580015465232
ID79953,79953,33,220.0,134.57121170438094,25.943842098002783,0.0,4.0,4,5.547424209040526,1,,1323.1772727272728,1287.0,484.0,2371.0,291099.0,357.2254323627793,0.11997089595228361,0.7935509629473546,-0.1488710741241293,0.27761332539088934,6.542413755566635,4.916241600034214,-1.519172855416476,1.330775476030532,96.67910640161575,49.05537497251612,0.5048580576895119,0.8644400785854608,4.989077909603345
ID80003,80003,33,268.0,134.4376398083434,25.573935357738964,0.0,7.0,7,6.122762788136318,1,,1301.2537313432836,1300.0,466.0,2673.0,348736.0,374.76839662599673,0.2202084436936345,1.253224753728519,-0.04636353586041194,-0.1735799531403585,7.9009402142848435,4.857134707953264,1.200160836608888,1.6266668909444764,117.77272961651366,53.03284217887627,0.5262169090064903,0.8918469217970043,4.88677712637002
ID80147,80147,33,158.0,135.75438442061892,29.360988503507226,0.0,14.0,14,4.7011984091572225,1,,1196.5949367088608,1187.0,507.0,2004.0,189062.0,283.5183193841786,0.08939397704666387,0.692658742052664,-0.07629296613733717,0.12949297666144782,5.437725209399251,4.378436313923768,2.4305907018473425,1.241933151364304,69.43317641570589,38.44881919291479,0.5902158721656212,0.9266862170087974,4.614232670142154
ID80131,80131,33,134.0,134.64541831329078,28.10931438295247,0.0,17.0,17,4.329447087087843,1,,1150.2238805970148,1108.0,548.0,2150.0,154130.0,303.59717181439606,0.045215671532578605,0.3277915294840623,-0.06774038906406563,0.06255083423878807,5.061688817376657,3.946183864400612,1.801222542877172,1.2826794166990696,58.886364808256815,35.79716266999508,0.5774673026589852,0.9146757679180885,4.664888123753627
ID80034,80034,33,334.0,133.09652938975398,24.616941788595906,0.0,9.0,9,6.835232166232654,1,,1241.122754491018,1213.0,268.0,2828.0,414535.0,438.3572252833935,0.32104140156877087,1.3761354365614666,-0.27954302286756455,-0.279348513743454,9.398306787495788,5.296561528071621,1.1856992274518308,1.7744166168343438,146.77646153699854,59.66194481453288,0.5181690455660852,0.8754914809960683,4.9245800259500365
ID79897,79897,33,170.0,135.34330964461483,27.307945457886984,0.0,16.0,16,4.876458108447858,1,,1087.5294117647059,1094.0,273.0,2017.0,184880.0,354.811145306868,0.08764509931702377,0.49398547982831154,0.022712823454577785,-0.11686040533537032,6.563638683581438,3.7616865525153482,-1.4041004908090693,1.7448659243531315,74.7065822194303,45.077893703740436,0.4619994961397672,0.8877284595300252,5.215358670233367
ID80056,80056,33,208.0,134.9472869928687,26.89242758702351,0.0,8.0,8,5.394009469204185,1,,1256.3509615384614,1222.0,452.0,2344.0,261321.0,347.6282745890457,0.10949431880112191,0.7133331098653227,-0.0029445070774578893,0.14988895497588062,6.889188698450915,4.3009565678589965,1.6461734465813107,1.601780578286642,91.40570059789125,46.40371844959642,0.5334301755349297,0.9043478260869563,4.853624142971282
ID80059,80059,33,201.0,135.05932628743196,27.26501255471867,0.0,15.0,15,5.302468115872094,1,,1077.2388059701493,1059.0,308.0,2115.0,216525.0,379.0102936419633,0.029284215468633183,0.16172950644609935,-0.13189801783131042,0.13745201347011043,5.933611957022516,4.904422975589252,-1.1664420214523443,1.2098491477092899,88.32954721238538,43.752090051507714,0.5798534690585484,0.9284064665127018,4.655279942488486
ID80010,80010,33,267.0,135.72572201678273,25.540612042296534,0.0,12.0,12,6.111329047462164,1,,1174.0299625468165,1165.0,339.0,2642.0,313466.0,378.60388449474453,0.25158434948314895,1.246658803176292,-0.42641519650084875,-0.5650922035544538,8.774555234601149,4.7989812663644535,1.3867073519113722,1.828420397491665,117.33327913287005,64.96522973554124,0.34935673088508273,0.7148594377510045,5.997501627702406
ID80045,80045,33,129.0,134.27829693494834,28.762022282504642,0.0,3.0,3,4.247905944431117,1,,1453.9302325581396,1438.0,593.0,2820.0,187557.0,402.4230358490636,0.0769261787562754,0.5161535936055968,-0.10105609112833218,0.2640990988321411,5.438516008965949,3.836121449599501,2.5237546069586245,1.4177121554724867,56.689112390038325,35.79718376361827,0.5559193600906718,0.9116607773851593,4.754436294959684
ID79996,79996,33,257.0,135.23670350288495,25.435580708455777,0.0,11.0,11,5.995792557455135,1,,1303.046692607004,1257.0,469.0,2404.0,334883.0,394.885878686848,0.1128079914018618,0.6690183057877297,-0.06533862923809328,0.9753708435635295,9.548850587944855,4.4513972478586314,-1.5587170996651458,2.1451355734513204,112.93877429643294,51.70698930818935,0.5308287440235524,0.911347517730496,4.865502681213121
ID80079,80079,33,142.0,135.836347289335,29.737531134891633,0.0,13.0,13,4.45681091671497,1,,1318.9788732394366,1332.0,683.0,2296.0,187295.0,312.645210932918,0.07038327389115585,0.5548124582555345,0.01757272068238216,0.07039174976169951,5.022342704807926,4.040780473074969,2.4045902895015105,1.2429140207624305,62.40196867740649,37.122994447058815,0.5690129551104759,0.9161290322580636,4.699415606477984
ID79857,79857,34,80.0,195.90717900953146,59.744660766332615,0.0,5.0,5,3.3452226644220904,1,,1123.3375,1095.0,423.0,1816.0,89867.0,324.85275900266817,-0.05016192835976822,-0.3652400079671104,-0.015358547362466415,0.042837490751787714,3.9384243207021545,2.82606318077698,-0.1703017428878919,1.3936080224573566,35.15603869149661,27.842256382105703,0.5699029974531242,0.9039548022598867,4.695744531541906
ID80064,80064,34,107.0,195.1378599075972,59.47593486272459,0.0,4.0,4,3.868761219980928,1,,1267.4859813084113,1230.0,500.0,2088.0,135621.0,332.91506550373794,-0.021673191158014214,-0.16868583621592012,-0.027329273477339967,0.10095203670893045,4.571396618919022,3.3802044351184435,-0.2174092570207949,1.3524024083942243,47.02120174987672,33.145541303114115,0.5378403200122804,0.8770491803278686,4.833683983309029
ID80306,80306,34,108.0,195.69418771935287,60.834163749438396,0.0,8.0,8,3.8867975005987083,1,,1245.787037037037,1262.0,516.0,2110.0,134545.0,315.2873500497906,0.040479396987863,0.307445263138,0.013322625970253363,0.014251328208722243,4.1382379428806875,3.6717246284287945,-0.12188471586677588,1.1270556377893524,47.460652233520456,33.145534271906385,0.5428670953773371,0.8925619834710738,4.811252753572629
ID80229,80229,34,84.0,195.3697464786291,61.35852816303445,0.0,7.0,7,3.427833194350534,1,,1322.5,1266.0,551.0,2401.0,111090.0,328.5095769816684,-0.064335506616988,-0.5536154700676126,-0.08913832103208331,0.05514714748527961,3.6995472020408595,3.3183951701853784,0.10742229095001465,1.1148603503524832,36.913840626071426,30.493891811402165,0.4988539169219297,0.8615384615384617,5.019012054081296
ID80260,80260,35,116.0,187.718496775328,54.24423167000335,0.0,8.0,8,4.028181510075815,1,,1637.344827586207,1703.0,561.0,3309.0,189932.0,540.6803460286949,0.4103180725852797,1.762110502151849,-0.058045883297763765,-0.028833437369691916,5.1902472579437315,3.1400457462713214,0.09596688403278036,1.6529209054062166,50.97625610267007,34.4713730801778,0.5390892038735329,0.8957528957528953,4.828081747006184
ID80039,80039,35,108.0,188.5126370126279,53.32119669976356,0.0,4.0,4,3.8867975005987065,1,,1300.5092592592594,1276.0,466.0,2123.0,140455.0,385.1973033787844,0.2671656756550623,1.4236638802413237,-0.03786151167156843,-0.04320162927853681,5.431757475338215,2.931765570839793,-0.05010482736078656,1.8527257190561484,47.460652233520406,31.819737650881336,0.5890475812477656,0.9350649350649346,4.618806236003881
ID79853,79853,35,94.0,188.3446887637045,53.96360187493905,0.0,5.0,5,3.6261349592385246,1,,1333.872340425532,1297.0,500.0,2397.0,125384.0,391.37112805096245,0.3823964463025581,1.8855442006402623,-0.026816446578676944,0.021218122525358537,5.057790783244165,2.604263832713159,-0.05974889699878277,1.9421191968767955,41.30834546250846,31.819730619673564,0.512689788034499,0.9038461538461535,4.950825264012058
ID80173,80173,35,116.0,188.18139248401567,54.712839655354664,0.0,7.0,7,4.0281815100758145,1,,1451.603448275862,1459.0,477.0,2434.0,168386.0,444.2493596542638,0.42068501875526876,1.9351312305835537,-0.07790514865919657,-0.05243616685570332,5.303930893052863,3.099878559957233,0.03086309517638215,1.711012476929431,50.97625610267006,34.471373080177784,0.5390892038735333,0.8992248062015503,4.828081747006182
ID80049,80049,36,41.0,197.79041604946127,33.84068874095963,0.0,7.0,7,2.3948149763006032,1,,3511.1951219512193,4095.0,1448.0,4095.0,143959.0,859.4257448876017,0.2063833004932978,1.3978669520639893,-0.020230547293433782,-0.02797049006568356,2.8293438638471256,2.079170349813442,2.5624018948446854,1.3608042573813128,18.017469829392027,21.213146715241336,0.5031453648824938,0.8723404255319153,4.997562036920876
ID79845,79845,36,39.0,198.58475007481752,32.95846857311541,0.0,5.0,5,2.335674614292323,1,,3493.8205128205127,3786.0,1872.0,4095.0,136259.0,669.0699700564277,0.25110715960210406,2.096156162920602,-0.23737945727722792,0.004432455377251633,2.9510803748083,2.1935642166873768,-0.6481327296286847,1.345335756463465,17.13856886210465,18.561497223529436,0.6251128239241847,0.9176470588235286,4.483588306558207
ID79977,79977,36,48.0,198.44558097087673,32.441102205298456,0.0,4.0,4,2.591198333732476,1,,3214.0625,3479.0,1320.0,4095.0,154275.0,867.9086481551807,0.1940416003269951,1.2036097230412548,-0.018251343884687427,-0.25706681376491647,3.0979853302696525,2.483534597731048,-1.2958721454963578,1.247409773594443,21.09362321489804,21.21313968403365,0.5890486225439432,0.8888888888888881,4.61880215353325
ID80106,80106,36,82.0,197.2568524322269,32.69272462217906,0.0,8.0,8,3.386779818858513,1,,3146.4146341463415,3266.0,971.0,4095.0,258006.0,940.5301624349236,0.14089818572618923,0.8262885461273284,0.009497272297041013,-0.3222175061782352,4.323668980096458,3.0138526970706168,1.5774151417041962,1.4345986399066375,36.03493965878401,27.8422352884825,0.5841514575092428,0.8913043478260863,4.638122338210324
ID79965,79965,36,40.0,198.59197411990039,32.99628837330787,0.0,6.0,6,2.3654296305917946,1,,3491.15,3880.0,1656.0,4095.0,139646.0,742.868437466969,0.17480678501550992,1.3985514162468928,-0.09595412390221056,-0.02358542232115731,2.6176518530163295,2.2274531933928308,-0.5011901053750152,1.1751770411072713,17.578019345748366,19.887321969385418,0.5585051631734389,0.8791208791208782,4.743417328792223
ID80402,80402,37,42.0,186.2783767927569,94.96958558378749,0.0,14.0,14,2.4238440965016057,1,,3828.809523809524,4095.0,1581.0,4095.0,160810.0,585.5613624338416,0.37405312236885724,3.5600090793820427,0.005257032939221066,0.03766438992683896,2.559173215032857,2.3363720892395734,1.2397080012195951,1.0953620045451748,18.456920313035695,21.213139684033536,0.5154175447259532,0.8750000000000006,4.937707198804291
ID80218,80218,37,179.0,189.05964602219703,92.12211075942628,0.0,6.0,6,5.00387615597501,1,,3133.8882681564246,3585.0,862.0,4095.0,560966.0,1040.160488279787,0.15422064766542284,0.8051315314421966,-0.30787463821124805,0.1132886660458401,6.603350094454936,4.123607354747828,2.963881481577917,1.6013527783754649,78.66163657222371,46.4037536056351,0.4590570035632905,0.8248847926267282,5.232046838440323
ID80157,80157,37,73.0,187.80398334964838,92.80724002538095,0.0,9.0,9,3.1955194633328317,1,,2582.041095890411,2575.0,865.0,4095.0,188489.0,927.2615961702045,0.054235399230270216,0.28650758180357455,-0.043029481489519086,-0.015741709511604085,3.4715882165548435,3.070827878417808,-0.14540730160021328,1.1305056336610833,32.079885305990665,26.516431636249706,0.5733403552173406,0.884848484848485,4.681647129266779
ID80365,80365,37,58.0,186.57554440820152,94.62452465148242,0.0,12.0,12,2.848354461624874,1,,3436.3793103448274,4095.0,1280.0,4095.0,199310.0,931.1055271677438,0.2852681682315304,1.6382936514633244,-0.07767449890731579,0.030811095671025128,3.0785930539038184,2.8819324158289574,0.3965292374208234,1.068239156822244,25.488128051334996,22.538957398681816,0.6304928399637924,0.913385826771653,4.46441802089084
ID80396,80396,37,91.0,188.88631777635595,92.88008715254713,0.0,8.0,8,3.5678019062604487,1,,3327.8241758241757,4000.0,1099.0,4095.0,302832.0,989.7883117493881,-0.007510059864449091,-0.050882135780620445,0.01986070041101905,0.015059316168704902,3.799014875503874,3.4047181253619327,-0.8034249575074558,1.1158089262088404,39.98999401157745,29.16806706554621,0.5906713460220268,0.8965517241379309,4.612453281592657
ID80364,80364,37,82.0,186.90895197676747,95.06274699114947,0.0,13.0,13,3.3867798188585105,1,,3480.8048780487807,4095.0,801.0,4095.0,285426.0,975.0622954334302,0.29316160462602,1.6185704235618508,-0.03292862364559928,0.07038900501215616,3.8934255134885274,3.2332345935552524,1.9787104026574214,1.2041889942812134,36.034939658783955,26.516417573834218,0.6440268355271147,0.9318181818181815,4.417259871709697
ID80351,80351,37,204.0,187.46771957948528,91.62440265250275,0.0,7.0,7,5.3418922134517315,1,,2845.470588235294,2898.0,268.0,4095.0,580476.0,1144.2191882916582,0.17470708810842536,0.7397003191943052,-0.28108223340133726,-0.14379249404228606,6.508206436536867,4.279654103881963,0.016106357166882024,1.520731881259619,89.64789866331637,58.33614116230015,0.3310355097299309,0.7984344422700584,6.161233112353334
ID80164,80164,39,143.0,123.38978063093901,45.84269713341407,0.0,15.0,15,4.472476381243595,1,,1067.0349650349651,1060.0,426.0,1936.0,152586.0,312.0353088676094,0.085777450962938,0.5403028077850577,0.039349752013023105,-0.023737867734475688,4.967190556935836,4.054664212288628,2.8371116459369996,1.2250559594754058,62.84141916105029,37.123001478266545,0.5730198715337468,0.9108280254777068,4.6829561430221
ID80137,80137,39,237.0,122.66116578063742,50.685955289326124,0.0,7.0,7,5.757768641009604,1,,1376.2700421940929,1348.0,616.0,2474.0,326176.0,367.4304195475607,0.34770692610843934,1.9327533062460418,-0.048100300648644304,-0.05296280326203843,6.640272962921724,4.9852005363734815,2.321428568431412,1.3319971612921788,104.14976462355878,49.05538903493158,0.5438695048770112,0.9063097514340341,4.806816882718343
ID80233,80233,39,153.0,122.89875462811837,52.8074062291911,0.0,8.0,8,4.626214361127485,1,,1461.235294117647,1482.0,698.0,2448.0,223569.0,325.86715820831284,0.13738166617479985,1.0832585152937542,0.05396439830252883,-0.0396765770680001,5.8092561461572965,3.7864096063695123,2.8564680524089656,1.5342386984189307,67.2359239974873,42.426300461690374,0.46939765433655867,0.8644067796610166,5.174095906597669
ID80104,80104,39,333.0,122.93938889651812,48.89599805884351,0.0,11.0,11,6.8249921122935735,1,,1378.7057057057057,1365.0,418.0,2798.0,459109.0,421.3311777245645,0.1939394487292417,1.0630699111884034,0.019288838120921085,0.13099989372465876,9.545050707701652,5.0736670948666776,1.814788532647288,1.8812922742524696,146.33701105335481,59.661923720909684,0.5166180065410405,0.9160935350756528,4.931967003614047
ID80168,80168,39,148.0,123.53013738500515,45.064364956337016,0.0,17.0,17,4.549994741529049,1,,1059.412162162162,1040.0,370.0,1833.0,156793.0,311.30499796154487,-0.04114230259087258,-0.292040640165489,0.07739107185671287,-0.0868791368595835,5.1121736703594385,4.231527722136396,2.133998089551709,1.2081153677940282,65.03867157926881,37.122994447058815,0.5930557560306375,0.91358024691358,4.6031716445661885
ID80107,80107,39,122.0,124.16022722462691,46.479691520905746,0.0,12.0,12,4.131045252561263,1,,1183.4262295081967,1182.0,421.0,2008.0,144378.0,345.50238707079336,0.12106072139463231,0.7397658095381973,0.01908561075447608,0.07114242900508931,4.37291546289046,4.1892823858804675,-0.3659666304829745,1.0438340174032927,53.61295900453241,35.79717673241055,0.5257533997987855,0.8905109489051095,4.888930766450041
ID79914,79914,39,141.0,123.24998479650466,46.182650393580175,0.0,16.0,16,4.441090194301138,1,,1100.8156028368794,1078.0,384.0,2011.0,155215.0,323.16706433220924,0.15423820741002053,0.9103617502037757,0.0355714567732731,-0.012714924015257954,5.2376068293616,3.92626308391725,0.04699320148801167,1.3339928368060392,61.96251819376286,35.79718376361831,0.6076327889363149,0.9155844155844157,4.547621713626665
ID80193,80193,42,109.0,143.96145669337875,53.482756800993194,0.0,12.0,12,3.9047504714248253,1,,993.4220183486239,1014.0,442.0,2002.0,108283.0,266.0219739454139,0.3790556633353011,2.0528984132509134,-0.05864101692337361,0.08336975892326648,4.698895114958088,3.3650000355296736,2.8078929648864444,1.3964026940102097,47.900102717164124,31.819723588465877,0.5945022509871344,0.9237288135593219,4.597568200927971
ID80192,80192,42,102.0,144.18994025274623,53.71511476258563,0.0,13.0,13,3.7772882084993347,1,,1095.8529411764705,1069.0,586.0,1892.0,111777.0,286.0776532764052,0.3846735562388988,2.1283511027288498,-0.04813532013985915,0.018406188270376905,4.533991220169628,3.232959901586687,2.7113463162152005,1.4024272982613903,44.82394933165818,31.819716557258133,0.5563234532074383,0.9026548672566367,4.752709256511654
ID80082,80082,42,108.0,144.36144536012276,51.633234331578265,0.0,9.0,9,3.886797500598709,1,,1029.0555555555557,1012.0,437.0,1888.0,111138.0,251.6573784673751,0.3727746345771449,2.2207836751554977,0.06702975552177774,0.0442485554488721,4.755219913022913,3.24354059994151,-0.34363071664483186,1.4660583909782607,47.46065223352047,33.145541303114115,0.5428668650591247,0.8999999999999996,4.811253774190286
ID80085,80085,42,126.0,144.8568759033829,52.354016184383354,0.0,10.0,10,4.198221124766667,1,,1087.015873015873,1073.0,426.0,1753.0,136964.0,294.17537583222656,0.44803376098939685,2.286607469791016,9.873945469277173E-4,0.0260493183738711,4.741037458086156,3.7676709535194144,2.6196161216234968,1.2583470044424956,55.37076093910722,35.79717673241058,0.54299121618563,0.9,4.810702826894724
ID79927,79927,42,101.0,143.9963816798704,53.64310981098937,0.0,16.0,16,3.758726483349922,1,,945.4455445544554,941.0,438.0,1724.0,95490.0,252.18312692357216,0.21803847545338498,1.3422166427000877,-0.3218180972095605,-0.06842974740517847,4.987595703603566,3.257615027757422,2.813995205230282,1.5310574334614,44.38449884801446,30.49389884260991,0.5998121711210502,0.9308755760368659,4.577172658071763
ID80278,80278,42,156.0,144.69337370639641,52.255065503299,0.0,14.0,14,4.67134922858464,1,,1026.7371794871794,1004.0,539.0,1712.0,160171.0,241.10046392643414,0.3691629610238482,2.296435315948317,-0.06991024910801734,-0.05110659936008379,5.7600194867805685,3.830686573825618,2.256408197450323,1.503651989211994,68.55427544841847,39.77463690756302,0.5445427266184014,0.9043478260869561,4.803844614169505
ID80152,80152,42,136.0,143.90072848220703,52.81823807326606,0.0,11.0,11,4.361636727967782,1,,1042.0808823529412,1046.0,296.0,1983.0,141723.0,288.0177735037032,0.4501272755510224,2.2461633878558644,-0.009049519473207228,0.02572928017941974,4.865469233903001,3.9516270920716097,-0.3319183239362053,1.2312571810393973,59.76526577554428,35.79718376361832,0.5860855269172958,0.9189189189189186,4.630463163122811
ID80255,80255,42,141.0,144.06825421015978,53.60628929935937,0.0,15.0,15,4.441090194301137,1,,999.049645390071,956.0,446.0,2176.0,140866.0,303.5861216064006,0.40773312298301717,1.906298104055664,-0.15523739705004616,0.2009317724108403,5.248576708389989,4.038741319856362,2.7623156618100158,1.2995575335774798,61.96251819376283,35.797183763618335,0.6076327889363137,0.9245901639344257,4.547621713626669
ID80293,80293,44,226.0,17.942632677878233,69.98088282318028,0.0,13.0,13,5.622562045512805,1,,1052.4823008849557,1037.0,447.0,1784.0,237861.0,286.0705307686165,0.3546540609702211,1.9264077155361439,0.06329097432801652,0.05753890380663736,8.137436270399064,3.82636395634447,0.06114465579695394,2.1266759679006575,99.315809303478,53.03289139733042,0.4437492563175356,0.8828124999999998,5.321525075151808
ID80313,80313,44,249.0,18.396483923423162,69.21141190303214,0.0,15.0,15,5.90173507746477,1,,1131.6506024096386,1098.0,452.0,2040.0,281781.0,309.970215806512,0.3703044950689813,1.973169030680853,0.11306332743893664,-0.07223226628563031,8.728868640032866,4.158700691471306,0.03694860444975778,2.0989413010496514,109.42317042728337,54.358716143186385,0.46535113346378526,0.8845470692717586,5.196543223385326
ID80283,80283,44,212.0,19.143158240873213,69.96502680484474,0.0,12.0,12,5.445627960813389,1,,1074.1084905660377,1041.0,398.0,2336.0,227711.0,306.89276346763353,0.3547252041017842,1.832872832010273,-0.17301329443049826,0.015703769760321618,7.4804489083401196,3.9216611252145883,0.11034361119905745,1.907469480278156,93.16350253246611,53.032877334914915,0.4162605850879075,0.8463073852295412,5.4944254718157035
ID80347,80347,44,227.0,17.65916792553091,69.91498217267232,0.0,14.0,14,5.634987612149045,1,,967.2863436123348,943.0,291.0,1976.0,219574.0,299.4225740012389,0.35342793387444954,1.687198764009134,0.32443409927523503,-0.18874886024610388,8.200099810377353,4.223565410002533,3.1390980254565566,1.9415112622518695,99.75525978712176,53.03289139733044,0.4457127486021263,0.8730769230769231,5.30979071671504
ID80250,80250,44,231.0,19.121147795753984,70.29990596480033,0.0,11.0,11,5.684418274793064,1,,1046.3939393939395,1013.0,288.0,2232.0,241717.0,303.4979489330819,0.34972188037707225,1.7866849014253954,0.13950347094092605,-0.2866932091620593,7.424697396894112,4.487325774952625,0.16589956694313157,1.6545929066120675,101.51306172169657,57.01033751006736,0.392486358276064,0.8062827225130892,5.658387019187615
ID80128,80128,46,92.0,141.02019620188682,39.13323917529651,0.0,13.0,13,3.587351652089285,1,,1066.804347826087,1045.0,539.0,1884.0,98146.0,275.54913162071955,0.28120655489290114,1.6995033064788398,0.02091378195609801,0.1750492125964899,4.233211010050621,3.1971022680562915,2.6628211000570023,1.32407744736431,40.42944449522114,29.168074096753926,0.5971619520325068,0.9199999999999997,4.587318215083118
ID80195,80195,46,103.0,141.05230645718297,38.17196536688699,0.0,14.0,14,3.795759165634743,1,,927.0582524271845,934.0,442.0,1552.0,95487.0,247.40222173312162,0.2507405397575194,1.5024179174599694,0.067615335731123,0.15106717172234493,4.1788852402942425,3.606131283990771,-0.5774869481161438,1.1588278160715286,45.2633998153019,31.819716557258133,0.5617776047094721,0.911504424778761,4.729581580301616
ID80105,80105,46,153.0,141.1180129821193,36.81093890082117,0.0,15.0,15,4.62621436112749,1,,899.6862745098039,873.0,397.0,1859.0,137652.0,255.67736326606484,0.27932758257822865,1.5366001495048032,0.015460354330543147,0.030077275140052998,5.818434984304079,3.7371790052095784,2.370645881306157,1.5569056168284305,67.23592399748743,39.77464393877078,0.5340705622846019,0.9107142857142854,4.850713358234064
ID80095,80095,46,124.0,141.5905983628848,38.97797160282366,0.0,12.0,12,4.164768630497141,1,,971.2822580645161,976.0,373.0,1656.0,120439.0,245.56325035836898,0.29547854398010215,1.8042960735047562,0.027322113535223878,-3.01316912292467E-4,4.62300422676943,3.7534023486578096,-0.357429379039903,1.231683629233776,54.49185997181985,34.47135901776235,0.5762682398290183,0.9219330855018582,4.669738805210654
ID80391,80391,50,88.0,79.0447673765165,90.23093514804962,0.0,14.0,14,3.5084991295452204,1,,2248.5113636363635,2078.0,695.0,4002.0,197869.0,814.1888565451244,0.26576232295006863,1.1596880321629832,-0.02893463476057842,0.03102469675241226,4.850393547247856,2.5331431211128823,0.35214736025685434,1.9147728001712512,38.67164256064633,30.493905873817653,0.5226083833395705,0.8979591836734695,4.903619302856639
ID80374,80374,50,170.0,81.20286619913131,91.07197860473352,0.0,15.0,15,4.876458108447859,1,,1746.8117647058823,1752.0,569.0,3473.0,296958.0,589.4973386596486,-0.01701476211758792,-0.10258246741374938,0.08306599640108345,-0.0516969211818296,7.741076211573958,3.1613759463917335,0.5832174666036146,2.4486414595547576,74.70658221943035,51.707045557851245,0.3511310900641327,0.7999999999999999,5.982328946747453
ID80239,80239,50,116.0,79.2980352305915,90.41276751486821,0.0,17.0,17,4.028181510075819,1,,1762.301724137931,1740.0,562.0,3062.0,204427.0,575.0646272917669,0.0727152318008742,0.4154651045822114,0.12057569342712507,0.17591993603515374,6.2237549144971265,2.7190831785183533,0.7131298156231798,2.2889167068028025,50.97625610267016,39.77464393877074,0.40491624330074444,0.8754716981132077,5.570861130126427
ID79966,79966,50,151.0,80.18166608713081,91.74921992858755,0.0,16.0,16,4.595878202067381,1,,1796.8807947019868,1797.0,674.0,3258.0,271329.0,533.6407896347794,2.4744362279132033E-4,0.0016659772242920486,0.013785852124593864,0.18224286515377067,6.0521330927257,3.5761123145959175,0.736356080093389,1.692377800334708,66.35702303019988,41.10046165341893,0.49363205986962033,0.8728323699421968,5.04548887597413
